2017.09.05 (248) 12:30:00.000
Station name: Grahamstown
URSI code: GR13L
Ionosonde model: DPS-4D
  Freq  Range Pol MPA Amp Doppler    Az    Zn  PGH
 1.025  560.0  90  42  57  -2.344 330.0  30.0  555
 1.475   80.0  90  42  57   2.344 150.0  30.0   93
 1.475   82.5  90  42  57   2.344 150.0  30.0   97
 1.475   85.0  90  42  57   2.344 150.0  30.0   99
 1.475   87.5  90  42  60   2.344 270.0  30.0  101
 1.475   90.0  90  42  57   2.344 270.0  30.0  103
 1.475   92.5  90  42  57   2.344 210.0  30.0  106
 1.475   95.0  90  42  57  -5.469 270.0  30.0   94
 1.475   97.5  90  42  57  -5.469 210.0  30.0   95
 1.475  100.0  90  42  57  -5.469 150.0  30.0   98
 1.475  102.5  90  42  57  -5.469  90.0  30.0  100
 1.475  107.5  90  42  57  -5.469 270.0  30.0  103
 1.475  110.0  90  42  57  -5.469  30.0  30.0  106
 1.475  112.5  90  42  57  -5.469 330.0  30.0  113
 1.475  115.0  90  42  57  -5.469 330.0  30.0  116
 1.475  117.5  90  42  57  -5.469 330.0  30.0  118
 1.475  120.0  90  42  57  -5.469 330.0  30.0  118
 1.475  122.5  90  42  57  -5.469 150.0  30.0  118
 1.475  125.0  90  42  57  -5.469 150.0  30.0  121
 1.475  127.5  90  42  57  -5.469 150.0  30.0  122
 1.475  130.0  90  42  57  -5.469 150.0  30.0  125
 1.475  132.5  90  42  57  -5.469 150.0  30.0  129
 1.475  135.0  90  42  57   2.344  90.0  30.0  146
 1.475  137.5  90  42  57   2.344   0.0   0.0  150
 1.475  140.0  90  42  57  -5.469 210.0  30.0  134
 1.475  142.5  90  42  57   2.344  30.0  30.0  154
 1.475  145.0  90  42  57  -5.469  90.0  30.0  139
 1.475  147.5  90  42  57  -5.469 150.0  30.0  142
 1.475  150.0  90  42  57   2.344 270.0  30.0  160
 1.475  152.5  90  42  57   2.344 270.0  30.0  160
 1.475  155.0  90  42  57  -5.469 150.0  30.0  148
 1.475  157.5  90  42  57  -5.469 270.0  30.0  149
 1.475  160.0  90  42  57  -5.469 270.0  30.0  151
 1.475  162.5  90  42  57  -5.469  90.0  30.0  153
 1.475  165.0  90  42  57  -5.469  90.0  30.0  156
 1.475  167.5  90  42  57  -5.469 210.0  30.0  158
 1.475  170.0  90  42  57   2.344 330.0  30.0  176
 1.475  172.5  90  42  57   2.344  30.0  30.0  179
 1.475  175.0  90  42  57   2.344  30.0  30.0  181
 1.475  182.5  90  42  57   0.781 270.0  30.0  189
 1.475  185.0  90  42  57   2.344 270.0  30.0  188
 1.475  187.5  90  42  57   2.344  90.0  30.0  191
 1.475  190.0  90  42  57  -5.469  90.0  30.0  179
 1.475  192.5  90  42  57  -5.469 210.0  30.0  181
 1.475  197.5  90  42  57   0.781 150.0  30.0  199
 1.475  200.0  90  42  57  -5.469 330.0  30.0  191
 1.475  205.0  90  42  57  -5.469   0.0   0.0  194
 1.475  207.5  90  42  57   2.344 330.0  30.0  212
 1.475  210.0  90  42  57   2.344 330.0  30.0  214
 1.475  222.5  90  42  57  -5.469 330.0  30.0  210
 1.475  237.5  90  42  57  -5.469  90.0  30.0  223
 1.475  252.5  90  42  57   0.781 210.0  30.0  248
 1.475  255.0  90  42  57  -0.781   0.0   0.0  251
 1.475  265.0  90  42  57   0.781 330.0  30.0  260
 1.475  267.5  90  42  57   0.781 330.0  30.0  262
 1.475  277.5  90  42  57   0.781  90.0  30.0  269
 1.475  280.0  90  42  57  -0.781 150.0  30.0  267
 1.475  377.5  90  42  57   2.344 330.0  30.0  365
 1.475 1272.5  90  42  57   2.344 150.0  30.0 1273
 1.475 1275.0  90  42  57   2.344 150.0  30.0 1276
 1.475 1277.5  90  42  57   2.344 150.0  30.0 1277
 1.475  122.5 -90  42  57   2.344 270.0  30.0  130
 1.475  125.0 -90  42  57   2.344  30.0  30.0  131
 1.500   87.5  90  39  54  -2.344  90.0  30.0   76
 1.500   90.0  90  39  54  -0.781  90.0  30.0  104
 1.500   92.5  90  39  54   0.781  90.0  30.0  105
 1.500  130.0  90  39  54   0.781 330.0  30.0  119
 1.500  137.5  90  39  54  -5.469 270.0  30.0  125
 1.500  147.5  90  39  54  -5.469  90.0  30.0  139
 1.500  150.0  90  39  54   3.906 210.0  30.0  159
 1.800  335.0 -90  36  51  -5.469 150.0  30.0  344
 1.800  342.5 -90  36  51  -0.781  90.0  30.0  328
 1.800  345.0 -90  36  51  -5.469 150.0  30.0  346
 1.975  215.0  90  45  60  -3.906 210.0  30.0  228
 1.975  235.0  90  45  60   3.906 210.0  30.0  243
 1.975  237.5  90  45  60   3.906 210.0  30.0  245
 1.975  240.0  90  45  60   3.906 210.0  30.0  247
 1.975  242.5  90  45  60   3.906 150.0  30.0  249
 1.975  245.0  90  45  60   2.344 210.0  30.0  260
 1.975  247.5  90  45  60   2.344 210.0  30.0  262
 1.975  250.0  90  45  60   2.344 210.0  30.0  264
 1.975  252.5  90  45  60   2.344 210.0  30.0  240
 1.975  255.0  90  45  60   2.344 210.0  30.0  241
 1.975  257.5  90  45  60   2.344 210.0  30.0  256
 1.975  275.0  90  45  60   3.906 210.0  30.0  290
 1.975  277.5  90  45  60   3.906 150.0  30.0  291
 1.975  280.0  90  45  60   3.906 210.0  30.0  294
 1.975  282.5  90  45  60   3.906 210.0  30.0  296
 1.975  285.0  90  45  60   3.906 210.0  30.0  298
 1.975  287.5  90  45  60   3.906 210.0  30.0  300
 1.975  290.0  90  45  60   2.344 210.0  30.0  281
 1.975  292.5  90  45  60   2.344 210.0  30.0  283
 1.975  295.0  90  45  60   2.344 210.0  30.0  291
 1.975  297.5  90  45  60   2.344 210.0  30.0  294
 1.975  300.0  90  45  60   2.344 210.0  30.0  303
 1.975  302.5  90  45  60   2.344 150.0  30.0  305
 1.975  307.5  90  45  60   0.781 210.0  30.0  313
 1.975  317.5  90  45  60  -0.781 210.0  30.0  326
 1.975  320.0  90  45  60  -0.781 150.0  30.0  327
 1.975  325.0  90  45  60  -2.344 150.0  30.0  332
 1.975  327.5  90  45  60  -2.344 210.0  30.0  334
 1.975  330.0  90  45  60  -2.344 210.0  30.0  336
 1.975  332.5  90  45  60  -2.344 150.0  30.0  338
 1.975  335.0  90  45  60  -2.344 210.0  30.0  339
 1.975  337.5  90  45  60  -3.906 210.0  30.0  347
 1.975  340.0  90  45  60  -3.906 210.0  30.0  350
 1.975  342.5  90  45  60  -3.906 210.0  30.0  352
 1.975  345.0  90  45  60  -5.469 150.0  30.0  355
 1.975  347.5  90  45  60  -5.469 210.0  30.0  358
 1.975  350.0  90  45  60  -5.469 210.0  30.0  359
 1.975 1185.0  90  45  60  -0.781 210.0  30.0 1189
 1.975 1187.5  90  45  60  -0.781 210.0  30.0 1191
 1.975 1190.0  90  45  60  -0.781 210.0  30.0 1192
 1.975 1192.5  90  45  60  -0.781 210.0  30.0 1193
 1.975 1195.0  90  45  60  -0.781 210.0  30.0 1195
 1.975 1197.5  90  45  60  -0.781 210.0  30.0 1196
 1.975 1200.0  90  45  60  -0.781 210.0  30.0 1198
 1.975 1230.0  90  45  60  -0.781 210.0  30.0 1232
 1.975 1232.5  90  45  60  -0.781 210.0  30.0 1233
 1.975 1235.0  90  45  60  -0.781 210.0  30.0 1235
 1.975 1237.5  90  45  60  -0.781 210.0  30.0 1236
 1.975 1240.0  90  45  60  -0.781 210.0  30.0 1237
 1.975 1242.5  90  45  60  -0.781 210.0  30.0 1238
 1.975 1245.0  90  45  60  -0.781 210.0  30.0 1240
 1.975 1247.5  90  45  60   0.781 210.0  30.0 1238
 1.975 1250.0  90  45  60   0.781 210.0  30.0 1240
 1.975 1252.5  90  45  60   0.781 210.0  30.0 1242
 1.975 1255.0  90  45  60   0.781 210.0  30.0 1244
 1.975 1257.5  90  45  60   2.344 150.0  30.0 1244
 1.975 1260.0  90  45  60   2.344 150.0  30.0 1275
 1.975 1262.5  90  45  60   2.344 150.0  30.0 1248
 1.975 1265.0  90  45  60   2.344 150.0  30.0 1279
 1.975 1267.5  90  45  60   2.344 210.0  30.0 1280
 1.975 1270.0  90  45  60   2.344 210.0  30.0 1282
 1.975 1272.5  90  45  60   2.344 210.0  30.0 1283
 1.975 1275.0  90  45  60   2.344 210.0  30.0 1285
 1.975 1277.5  90  45  60   2.344 210.0  30.0 1287
 1.975 1280.0  90  45  60   2.344 210.0  30.0 1289
 2.150  252.5  90  42  57  -5.469 210.0  30.0  243
 2.150  265.0  90  42  57  -5.469  30.0  30.0  277
 2.150  267.5  90  42  57  -5.469 150.0  30.0  278
 2.150  277.5  90  42  57  -5.469 210.0  30.0  283
 2.150  292.5  90  42  57  -5.469 210.0  30.0  297
 2.150  297.5  90  42  60   5.469 210.0  30.0  300
 2.150  300.0  90  42  57   5.469 210.0  30.0  301
 2.150  302.5  90  42  57   5.469 210.0  30.0  302
 2.150  307.5  90  42  60   5.469 210.0  30.0  309
 2.150  310.0  90  42  57   5.469 210.0  30.0  309
 2.150  312.5  90  42  57   5.469 150.0  30.0  312
 2.150  317.5  90  42  60   5.469 210.0  30.0  318
 2.150  320.0  90  42  57   5.469 210.0  30.0  319
 2.150  322.5  90  42  57   5.469 150.0  30.0  320
 2.150  325.0  90  42  57   5.469 330.0  30.0  328
 2.150  327.5  90  42  57   5.469 210.0  30.0  324
 2.150  332.5  90  42  57   5.469 210.0  30.0  330
 2.150  335.0  90  42  60   5.469 210.0  30.0  332
 2.150  337.5  90  42  57   5.469 210.0  30.0  333
 2.150  340.0  90  42  57   5.469 210.0  30.0  338
 2.150  342.5  90  42  60   5.469 210.0  30.0  340
 2.150  345.0  90  42  60   5.469 210.0  30.0  341
 2.150  347.5  90  42  57   5.469  30.0  30.0  344
 2.150  350.0  90  42  57   5.469 210.0  30.0  346
 2.150  352.5  90  42  57   5.469 210.0  30.0  349
 2.150  355.0  90  42  57   5.469  30.0  30.0  351
 2.150  357.5  90  42  57   5.469 210.0  30.0  354
 2.150  360.0  90  42  57   5.469 210.0  30.0  356
 2.150  362.5  90  42  57   5.469 210.0  30.0  358
 2.150  365.0  90  42  60   5.469  30.0  30.0  361
 2.150  367.5  90  42  57   5.469 210.0  30.0  363
 2.150  370.0  90  42  57   5.469 210.0  30.0  365
 2.150  372.5  90  42  57   5.469 210.0  30.0  369
 2.150  375.0  90  42  60   5.469 210.0  30.0  370
 2.150  377.5  90  42  57   5.469 210.0  30.0  371
 2.150  380.0  90  42  57   5.469 210.0  30.0  374
 2.150  382.5  90  42  57   5.469 150.0  30.0  378
 2.150  385.0  90  42  60   5.469 330.0  30.0  383
 2.150  387.5  90  42  57   5.469 150.0  30.0  380
 2.150  390.0  90  42  57   5.469 210.0  30.0  385
 2.150  392.5  90  42  60   5.469 210.0  30.0  386
 2.150  395.0  90  42  57   5.469 210.0  30.0  387
 2.150  397.5  90  42  57   5.469 330.0  30.0  394
 2.150  400.0  90  42  57   5.469 210.0  30.0  393
 2.150  402.5  90  42  57   5.469 210.0  30.0  394
 2.150  407.5  90  42  57  -5.469  30.0  30.0  403
 2.150  410.0  90  42  57   5.469  30.0  30.0  403
 2.150  412.5  90  42  57   5.469 210.0  30.0  403
 2.150  420.0  90  42  57  -5.469 210.0  30.0  410
 2.150  422.5  90  42  57   5.469 330.0  30.0  417
 2.150  425.0  90  42  57   5.469  30.0  30.0  415
 2.150 1227.5  90  42  57   5.469 150.0  30.0 1241
 2.150 1230.0  90  42  57   5.469 210.0  30.0 1243
 2.150 1235.0  90  42  57   5.469  30.0  30.0 1249
 2.150 1237.5  90  42  57   5.469 210.0  30.0 1252
 2.150 1240.0  90  42  57   5.469 210.0  30.0 1254
 2.150 1242.5  90  42  57   5.469 210.0  30.0 1256
 2.150 1245.0  90  42  57   5.469 210.0  30.0 1230
 2.150 1247.5  90  42  57   5.469 210.0  30.0 1262
 2.150  262.5 -90  42  57  -5.469 330.0  30.0  252
 2.150  265.0 -90  42  57   2.344 150.0  30.0  274
 2.150  280.0 -90  42  57  -5.469 330.0  30.0  295
 2.150  285.0 -90  42  57   5.469  30.0  30.0  278
 2.150  287.5 -90  42  57  -5.469 330.0  30.0  277
 2.150  290.0 -90  42  57  -5.469 330.0  30.0  276
 2.150  297.5 -90  42  57  -5.469  30.0  30.0  304
 2.150  300.0 -90  42  57  -5.469 330.0  30.0  312
 2.150  302.5 -90  42  57   5.469 330.0  30.0  299
 2.150  305.0 -90  42  57   5.469 330.0  30.0  300
 2.150  307.5 -90  42  57   5.469 270.0  30.0  301
 2.150  310.0 -90  42  57   5.469 270.0  30.0  302
 2.150  312.5 -90  42  57   5.469 330.0  30.0  308
 2.150  320.0 -90  42  57   5.469 330.0  30.0  325
 2.150  322.5 -90  42  57   5.469 150.0  30.0  313
 2.150  330.0 -90  42  57   5.469 330.0  30.0  336
 2.150  332.5 -90  42  57   5.469 330.0  30.0  339
 2.150  335.0 -90  42  57   5.469 330.0  30.0  341
 2.150  340.0 -90  42  57   5.469 150.0  30.0  338
 2.150  342.5 -90  42  57   5.469  30.0  30.0  348
 2.150  350.0 -90  42  57   5.469 330.0  30.0  356
 2.150  375.0 -90  42  57  -3.906  90.0  30.0  360
 2.150  395.0 -90  42  57  -3.906   0.0   0.0  408
 2.175   80.0  90  42  60   2.344  30.0  30.0   75
 2.175   82.5  90  42  60   2.344 330.0  30.0   82
 2.175   85.0  90  42  57   2.344  30.0  30.0   81
 2.175   87.5  90  42  57   2.344  30.0  30.0   83
 2.175   90.0  90  42  57   2.344  30.0  30.0   84
 2.175   92.5  90  42  57   2.344 210.0  30.0   87
 2.175   95.0  90  42  57   2.344 210.0  30.0   89
 2.175   97.5  90  42  60   2.344  30.0  30.0   91
 2.175  100.0  90  42  60   2.344  30.0  30.0   93
 2.175  102.5  90  42  57   2.344 210.0  30.0   96
 2.175  107.5  90  42  57   2.344 210.0  30.0  101
 2.175  110.0  90  42  57   2.344 210.0  30.0  102
 2.175  112.5  90  42  57   2.344 210.0  30.0  104
 2.175  115.0  90  42  57   2.344 210.0  30.0  106
 2.175  117.5  90  42  57   2.344  30.0  30.0  110
 2.175  120.0  90  42  57   2.344 210.0  30.0  111
 2.175  122.5  90  42  57   2.344 210.0  30.0  114
 2.175  125.0  90  42  57   2.344  30.0  30.0  116
 2.175  127.5  90  42  57   2.344 210.0  30.0  119
 2.175  132.5  90  42  57   2.344  30.0  30.0  122
 2.175  135.0  90  42  57   2.344  30.0  30.0  125
 2.175  140.0  90  42  57   2.344 330.0  30.0  132
 2.175  142.5  90  42  60   2.344 330.0  30.0  135
 2.175  145.0  90  42  57   2.344 210.0  30.0  135
 2.175  150.0  90  42  57   2.344  30.0  30.0  138
 2.175  152.5  90  42  57   2.344 210.0  30.0  141
 2.175  155.0  90  42  57   2.344 330.0  30.0  148
 2.175  160.0  90  42  57   2.344  30.0  30.0  148
 2.175  167.5  90  42  57   2.344 330.0  30.0  158
 2.175  170.0  90  42  57   2.344  30.0  30.0  158
 2.175  192.5  90  42  57   2.344  30.0  30.0  179
 2.175   80.0 -90  42  60   3.906 330.0  30.0   78
 2.175   82.5 -90  42  60   3.906 330.0  30.0   81
 2.175   85.0 -90  42  60   3.906 330.0  30.0   84
 2.175   87.5 -90  42  60   3.906 330.0  30.0   86
 2.175   90.0 -90  42  60   3.906 330.0  30.0   89
 2.175   92.5 -90  42  60   3.906 330.0  30.0   91
 2.175   95.0 -90  42  57   3.906 330.0  30.0   93
 2.175   97.5 -90  42  60   3.906 330.0  30.0   95
 2.175  100.0 -90  42  60   3.906 330.0  30.0   99
 2.175  102.5 -90  42  57   3.906 150.0  30.0   98
 2.175  105.0 -90  42  60   3.906  90.0  30.0  100
 2.175  107.5 -90  42  60   3.906  30.0  30.0  103
 2.175  110.0 -90  42  57   3.906 330.0  30.0  108
 2.175  112.5 -90  42  57   3.906  30.0  30.0  107
 2.175  115.0 -90  42  57   2.344 330.0  30.0  112
 2.175  117.5 -90  42  60   2.344 270.0  30.0  112
 2.175  120.0 -90  42  60   2.344 330.0  30.0  120
 2.175  122.5 -90  42  57   2.344 330.0  30.0  122
 2.175  125.0 -90  42  57   2.344  30.0  30.0  120
 2.175  127.5 -90  42  57  -5.469 330.0  30.0  114
 2.175  130.0 -90  42  57   2.344 330.0  30.0  128
 2.175  132.5 -90  42  60   2.344 330.0  30.0  131
 2.175  135.0 -90  42  57   2.344 330.0  30.0  134
 2.175  137.5 -90  42  60   2.344 330.0  30.0  136
 2.175  140.0 -90  42  57   2.344 330.0  30.0  139
 2.175  142.5 -90  42  57   2.344 330.0  30.0  142
 2.175  145.0 -90  42  57  -5.469 330.0  30.0  159
 2.175  147.5 -90  42  60   2.344 150.0  30.0  143
 2.175  150.0 -90  42  60   2.344 330.0  30.0  150
 2.175  152.5 -90  42  57   2.344 150.0  30.0  148
 2.175  155.0 -90  42  57   2.344 330.0  30.0  154
 2.175  157.5 -90  42  60   2.344 330.0  30.0  156
 2.175  160.0 -90  42  60   2.344   0.0   0.0  157
 2.175  162.5 -90  42  57  -5.469 330.0  30.0  148
 2.175  165.0 -90  42  57   2.344 150.0  30.0  160
 2.175  167.5 -90  42  57   2.344 330.0  30.0  166
 2.175  170.0 -90  42  57   2.344 330.0  30.0  174
 2.175  172.5 -90  42  57  -5.469   0.0   0.0  186
 2.175  175.0 -90  42  57  -5.469 330.0  30.0  160
 2.175  177.5 -90  42  57   2.344 330.0  30.0  173
 2.175  182.5 -90  42  57  -5.469 330.0  30.0  169
 2.175  185.0 -90  42  57   2.344 330.0  30.0  187
 2.175  187.5 -90  42  57   2.344 330.0  30.0  192
 2.175  192.5 -90  42  57  -5.469 330.0  30.0  179
 2.175  230.0 -90  42  57  -5.469 150.0  30.0  240
 2.175  972.5 -90  42  57  -3.906  90.0  30.0  969
 2.175  975.0 -90  42  57  -3.906  30.0  30.0  973
 2.350  215.0  90  39  54   2.344  30.0  30.0  218
 2.350  245.0  90  39  54   2.344 330.0  30.0  251
 2.350  282.5  90  39  54  -0.781  30.0  30.0  270
 2.350  285.0  90  39  54   0.781 210.0  30.0  280
 2.350  292.5  90  39  54  -0.781 210.0  30.0  278
 2.350  295.0  90  39  54  -0.781  30.0  30.0  280
 2.350  305.0  90  39  54  -0.781 330.0  30.0  293
 2.350 1252.5  90  39  54   3.906  30.0  30.0 1247
 2.350 1255.0  90  39  54   3.906  30.0  30.0 1248
 2.350 1267.5  90  39  54   3.906 210.0  30.0 1260
 2.375   80.0 -90  42  60   0.781 270.0  30.0   76
 2.375   82.5 -90  42  60   0.781 330.0  30.0   84
 2.375   85.0 -90  42  60   0.781 270.0  30.0   82
 2.375   87.5 -90  42  60   0.781 270.0  30.0   86
 2.375   90.0 -90  42  60   0.781 330.0  30.0   92
 2.375   92.5 -90  42  60   0.781 330.0  30.0   94
 2.375   95.0 -90  42  60   0.781 330.0  30.0   95
 2.375   97.5 -90  42  60   0.781 270.0  30.0   94
 2.375  100.0 -90  42  60   0.781 270.0  30.0   98
 2.375  102.5 -90  42  60   0.781 150.0  30.0  101
 2.375  105.0 -90  42  60   0.781 210.0  30.0  102
 2.375  107.5 -90  42  60   0.781 270.0  30.0  103
 2.375  110.0 -90  42  60   0.781 330.0  30.0  113
 2.375  112.5 -90  42  60   0.781  30.0  30.0  109
 2.375  115.0 -90  42  60   0.781 330.0  30.0  117
 2.375  117.5 -90  42  60   0.781  90.0  30.0  116
 2.375  120.0 -90  42  60   0.781 330.0  30.0  122
 2.375  122.5 -90  42  57   0.781 330.0  30.0  124
 2.375  125.0 -90  42  57   0.781 210.0  30.0  121
 2.375  127.5 -90  42  57   0.781 270.0  30.0  126
 2.375  130.0 -90  42  57   0.781   0.0   0.0  128
 2.375  132.5 -90  42  57   0.781 330.0  30.0  132
 2.375  135.0 -90  42  57   0.781  30.0  30.0  133
 2.375  137.5 -90  42  57   0.781 150.0  30.0  135
 2.375  140.0 -90  42  57   0.781 330.0  30.0  141
 2.375  142.5 -90  42  57   0.781 330.0  30.0  143
 2.375  145.0 -90  42  57   0.781 330.0  30.0  146
 2.375  147.5 -90  42  57   0.781 330.0  30.0  148
 2.375  150.0 -90  42  57   0.781  30.0  30.0  147
 2.375  152.5 -90  42  57   0.781  30.0  30.0  151
 2.375  155.0 -90  42  57   2.344 150.0  30.0  152
 2.725  107.5  90  36  51   0.781   0.0   0.0  113
 2.725  110.0  90  36  54   0.781   0.0   0.0  115
 2.825  107.5  90  36  51  -0.781   0.0   0.0  114
 2.825  110.0  90  36  51  -0.781   0.0   0.0  116
 2.825  112.5  90  36  54  -0.781   0.0   0.0  118
 2.850   87.5  90  39  54   3.906  30.0  30.0   84
 2.850   90.0  90  39  54   3.906 210.0  30.0   86
 2.850   92.5  90  39  54   3.906 210.0  30.0   88
 2.850   95.0  90  39  54   3.906  30.0  30.0   91
 2.850   97.5  90  39  54   3.906  30.0  30.0   93
 2.850  100.0  90  39  54   2.344 210.0  30.0   99
 2.850  102.5  90  39  54   2.344 210.0  30.0  101
 2.850  105.0  90  39  54   2.344 210.0  30.0  103
 2.850  107.5  90  39  54   2.344  30.0  30.0  107
 2.850  110.0  90  39  54   0.781  30.0  30.0  112
 2.850  112.5  90  39  54   0.781 330.0  30.0  114
 2.850  115.0  90  39  54   0.781 150.0  30.0  126
 2.850  910.0  90  39  54  -2.344  30.0  30.0  908
 2.850  912.5  90  39  54  -2.344  30.0  30.0  911
 2.875  112.5  90  39  54   0.781   0.0   0.0  118
 2.900  110.0  90  36  54  -0.781   0.0   0.0  115
 2.900  112.5  90  36  54  -0.781   0.0   0.0  117
 2.900  115.0  90  36  57   0.781   0.0   0.0  119
 2.925  115.0  90  36  51   0.781 270.0  30.0  120
 2.950  112.5  90  42  57  -0.781   0.0   0.0  119
 2.975  115.0  90  36  54  -0.781 150.0  30.0  122
 2.975  117.5  90  36  57   0.781   0.0   0.0  123
 2.975  120.0  90  36  51   0.781   0.0   0.0  122
 3.025  115.0  90  36  54   0.781   0.0   0.0  121
 3.075  120.0  90  39  54   0.781   0.0   0.0  128
 3.075  122.5  90  39  57   0.781   0.0   0.0  129
 3.075  125.0  90  39  54   0.781   0.0   0.0  129
 3.325  127.5  90  36  54   0.781   0.0   0.0  134
 3.325  130.0  90  36  57   0.781   0.0   0.0  135
 3.325  132.5  90  36  54   0.781   0.0   0.0  137
 3.350  125.0  90  42  57   0.781   0.0   0.0  131
 3.350  127.5  90  42  57   0.781   0.0   0.0  132
 3.375  122.5  90  36  57  -0.781   0.0   0.0  129
 3.375  125.0  90  36  54  -0.781   0.0   0.0  128
 3.400  120.0  90  33  54  -0.781   0.0   0.0  127
 3.400  122.5  90  33  57   0.781   0.0   0.0  127
 3.425  120.0  90  36  57   0.781   0.0   0.0  126
 3.425  122.5  90  36  57   0.781   0.0   0.0  126
 3.450  117.5  90  36  51   0.781   0.0   0.0  125
 3.450  120.0  90  36  60   0.781   0.0   0.0  126
 3.450  122.5  90  36  57   0.781   0.0   0.0  126
 3.475  117.5  90  36  54   0.781   0.0   0.0  126
 3.475  120.0  90  36  60   0.781   0.0   0.0  126
 3.475  122.5  90  36  57  -0.781   0.0   0.0  126
 3.500  117.5  90  36  51  -0.781   0.0   0.0  125
 3.500  120.0  90  36  57  -0.781   0.0   0.0  125
 3.525  215.0  90  36  51  -0.781   0.0   0.0  221
 3.525  217.5  90  36  54  -0.781   0.0   0.0  222
 3.525  220.0  90  36  51  -0.781   0.0   0.0  225
 3.550  212.5  90  36  51  -0.781   0.0   0.0  220
 3.550  215.0  90  36  54  -0.781   0.0   0.0  219
 3.575  212.5  90  36  54  -0.781   0.0   0.0  218
 3.575  215.0  90  36  51   0.781   0.0   0.0  219
 3.600  210.0  90  36  51  -0.781   0.0   0.0  218
 3.600  212.5  90  36  54  -0.781   0.0   0.0  218
 3.625  210.0  90  36  51   0.781   0.0   0.0  218
 3.625  212.5  90  36  57  -0.781   0.0   0.0  217
 3.625  215.0  90  36  51  -0.781   0.0   0.0  218
 3.650  212.5  90  39  54  -0.781   0.0   0.0  219
 3.675  212.5  90  33  51  -0.781   0.0   0.0  218
 3.700  210.0  90  36  51  -0.781   0.0   0.0  217
 3.700  212.5  90  36  54  -0.781   0.0   0.0  218
 3.725  212.5  90  39  60  -0.781   0.0   0.0  219
 3.725  215.0  90  39  60  -0.781   0.0   0.0  219
 3.750  215.0  90  39  57  -0.781   0.0   0.0  221
 3.775  212.5  90  36  54  -0.781   0.0   0.0  221
 3.775  215.0  90  36  60  -0.781   0.0   0.0  220
 3.775  217.5  90  36  57  -0.781   0.0   0.0  221
 3.800  215.0  90  36  60  -0.781   0.0   0.0  221
 3.800  217.5  90  36  57  -0.781   0.0   0.0  222
 3.825  215.0  90  36  54  -0.781   0.0   0.0  223
 3.825  217.5  90  36  57  -0.781   0.0   0.0  223
 3.825  220.0  90  36  51  -0.781   0.0   0.0  223
 3.850  217.5  90  42  57  -0.781   0.0   0.0  224
 3.850  220.0  90  42  57  -0.781   0.0   0.0  225
 3.875  217.5  90  36  51  -0.781   0.0   0.0  226
 3.875  220.0  90  36  57  -0.781   0.0   0.0  226
 3.875  222.5  90  36  51  -0.781   0.0   0.0  225
 3.875  127.5 -90  33  48   0.781   0.0   0.0  132
 3.900  220.0  90  36  51   0.781   0.0   0.0  226
 3.900  222.5  90  36  51   0.781   0.0   0.0  227
 3.950  225.0  90  36  51   0.781   0.0   0.0  231
 3.975  227.5  90  33  48  -0.781   0.0   0.0  232
 4.000  230.0  90  33  51  -0.781   0.0   0.0  235
 4.025  232.5  90  36  51  -0.781   0.0   0.0  238
 4.075  235.0  90  33  48   0.781   0.0   0.0  242
 4.075  237.5  90  33  48   0.781   0.0   0.0  242
 4.100  237.5  90  33  54   0.781   0.0   0.0  244
 4.100  240.0  90  33  54   0.781   0.0   0.0  244
 4.100  220.0 -90  33  48  -0.781   0.0   0.0  227
 4.100  222.5 -90  33  48  -0.781   0.0   0.0  226
 4.125  240.0  90  36  54   0.781   0.0   0.0  247
 4.125  242.5  90  36  54  -0.781   0.0   0.0  247
 4.125  220.0 -90  33  48  -0.781   0.0   0.0  226
 4.125  222.5 -90  33  48  -0.781   0.0   0.0  226
 4.150  242.5  90  36  57  -0.781   0.0   0.0  249
 4.150  245.0  90  36  54  -0.781   0.0   0.0  249
 4.150  220.0 -90  33  48  -0.781   0.0   0.0  228
 4.150  222.5 -90  33  48  -0.781   0.0   0.0  228
 4.175  242.5  90  33  48  -0.781   0.0   0.0  250
 4.175  245.0  90  33  57  -0.781   0.0   0.0  251
 4.175  247.5  90  33  51  -0.781   0.0   0.0  252
 4.175  222.5 -90  33  51  -0.781   0.0   0.0  228
 4.175  225.0 -90  33  48  -0.781   0.0   0.0  228
 4.200  245.0  90  33  48  -0.781   0.0   0.0  252
 4.200  247.5  90  33  54  -0.781   0.0   0.0  253
 4.200  250.0  90  33  48  -0.781   0.0   0.0  253
 4.200  222.5 -90  33  48  -0.781   0.0   0.0  229
 4.200  225.0 -90  33  48  -0.781   0.0   0.0  229
 4.225  247.5  90  36  51   0.781   0.0   0.0  255
 4.225  250.0  90  36  51   0.781   0.0   0.0  256
 4.225  225.0 -90  33  48   0.781   0.0   0.0  230
 4.250  250.0  90  36  51  -0.781   0.0   0.0  257
 4.250  252.5  90  36  51   0.781   0.0   0.0  257
 4.250  225.0 -90  33  51  -0.781   0.0   0.0  231
 4.250  227.5 -90  33  51  -0.781   0.0   0.0  231
 4.275  252.5  90  33  51  -0.781   0.0   0.0  258
 4.275  225.0 -90  33  48  -0.781   0.0   0.0  233
 4.275  227.5 -90  33  54  -0.781   0.0   0.0  233
 4.300  252.5  90  33  51  -0.781   0.0   0.0  260
 4.300  255.0  90  33  51  -0.781   0.0   0.0  260
 4.300  227.5 -90  33  51   0.781   0.0   0.0  234
 4.300  230.0 -90  33  51   0.781   0.0   0.0  234
 4.325  252.5  90  33  48  -0.781   0.0   0.0  260
 4.325  255.0  90  33  54  -0.781   0.0   0.0  260
 4.325  230.0 -90  33  48   0.781   0.0   0.0  236
 4.350  255.0  90  33  54  -0.781   0.0   0.0  261
 4.350  257.5  90  33  48  -0.781   0.0   0.0  261
 4.375  252.5  90  33  48  -0.781   0.0   0.0  262
 4.375  255.0  90  33  57  -0.781   0.0   0.0  261
 4.375  257.5  90  33  54  -0.781   0.0   0.0  261
 4.375  232.5 -90  33  51  -0.781   0.0   0.0  239
 4.375  235.0 -90  33  48  -0.781   0.0   0.0  239
 4.400  255.0  90  33  54  -0.781   0.0   0.0  261
 4.400  257.5  90  33  51  -0.781   0.0   0.0  262
 4.400  235.0 -90  33  51   0.781   0.0   0.0  241
 4.425  255.0  90  36  51   0.781   0.0   0.0  261
 4.425  235.0 -90  33  48   0.781   0.0   0.0  243
 4.425  237.5 -90  33  51  -0.781   0.0   0.0  243
 4.425  240.0 -90  33  48  -0.781   0.0   0.0  244
 4.450  255.0  90  33  51  -0.781   0.0   0.0  260
 4.450  237.5 -90  33  48  -0.781   0.0   0.0  244
 4.450  240.0 -90  33  51  -0.781   0.0   0.0  245
 4.475  255.0  90  33  48   0.781   0.0   0.0  260
 4.550  252.5  90  33  48   0.781   0.0   0.0  257
 4.575  250.0  90  33  48  -0.781   0.0   0.0  256
 4.575  252.5  90  33  48  -0.781   0.0   0.0  256
 4.600  250.0  90  33  51  -0.781   0.0   0.0  256
 4.600  252.5  90  33  48  -0.781   0.0   0.0  257
 4.600  250.0 -90  30  45  -0.781   0.0   0.0  258
 4.600  252.5 -90  30  45   0.781   0.0   0.0  257
 4.625  247.5  90  33  48  -0.781   0.0   0.0  255
 4.625  250.0  90  33  51  -0.781   0.0   0.0  255
 4.625  252.5 -90  33  48   0.781   0.0   0.0  258
 4.650  247.5  90  33  51  -0.781   0.0   0.0  254
 4.650  250.0  90  33  51  -0.781   0.0   0.0  254
 4.650  252.5 -90  30  45  -0.781   0.0   0.0  261
 4.650  255.0 -90  30  48  -0.781   0.0   0.0  261
 4.675  245.0  90  33  48   0.781   0.0   0.0  253
 4.675  247.5  90  33  51   0.781   0.0   0.0  253
 4.675  255.0 -90  33  48  -0.781   0.0   0.0  263
 4.675  257.5 -90  33  48  -0.781   0.0   0.0  263
 4.700  245.0  90  33  48   0.781   0.0   0.0  251
 4.700  247.5  90  33  51   0.781   0.0   0.0  252
 4.700  257.5 -90  30  48   0.781   0.0   0.0  264
 4.700  260.0 -90  30  45   0.781   0.0   0.0  264
 4.725  245.0  90  33  51  -0.781   0.0   0.0  252
 4.725  247.5  90  33  48  -0.781   0.0   0.0  251
 4.750  242.5  90  30  45   0.781   0.0   0.0  251
 4.750  245.0  90  30  54   0.781   0.0   0.0  251
 4.750  247.5  90  30  48   0.781   0.0   0.0  251
 4.750  260.0 -90  30  45  -0.781   0.0   0.0  266
 4.775  242.5  90  33  48   0.781   0.0   0.0  249
 4.775  245.0  90  33  54   0.781   0.0   0.0  250
 4.800  242.5  90  33  51  -0.781   0.0   0.0  249
 4.800  245.0  90  33  51   0.781   0.0   0.0  249
 4.800  262.5 -90  33  48  -0.781   0.0   0.0  267
 4.825  242.5  90  33  54   0.781   0.0   0.0  248
 4.825  245.0  90  33  51   0.781   0.0   0.0  249
 4.850  242.5  90  33  51  -0.781   0.0   0.0  248
 4.850  245.0  90  33  48  -0.781   0.0   0.0  247
 4.875  240.0  90  30  45   0.781   0.0   0.0  248
 4.875  242.5  90  30  51  -0.781   0.0   0.0  248
 4.875  245.0  90  30  45  -0.781   0.0   0.0  248
 4.900  240.0  90  30  48   0.781   0.0   0.0  247
 4.900  242.5  90  30  48  -0.781   0.0   0.0  247
 4.925  240.0  90  33  51  -0.781   0.0   0.0  247
 4.925  242.5  90  33  51  -0.781   0.0   0.0  247
 4.950  240.0  90  33  54   0.781   0.0   0.0  246
 4.950  242.5  90  33  54   0.781   0.0   0.0  247
 4.975  237.5  90  30  45  -0.781   0.0   0.0  246
 4.975  240.0  90  30  54  -0.781   0.0   0.0  246
 4.975  242.5  90  30  54  -0.781   0.0   0.0  246
 5.000  237.5  90  30  45  -0.781   0.0   0.0  246
 5.000  240.0  90  30  57   0.781   0.0   0.0  246
 5.000  242.5  90  30  54   0.781   0.0   0.0  246
 5.025  237.5  90  33  48   0.781   0.0   0.0  246
 5.025  240.0  90  33  57   0.781   0.0   0.0  246
 5.025  242.5  90  33  54   0.781   0.0   0.0  246
 5.050  237.5  90  33  51   0.781   0.0   0.0  245
 5.050  240.0  90  33  57   0.781   0.0   0.0  246
 5.050  242.5  90  33  54   0.781   0.0   0.0  246
 5.075  237.5  90  30  51  -0.781   0.0   0.0  246
 5.075  240.0  90  30  57   0.781   0.0   0.0  245
 5.075  242.5  90  30  51   0.781   0.0   0.0  245
 5.075  257.5 -90  30  48  -0.781   0.0   0.0  264
 5.075  260.0 -90  30  45  -0.781   0.0   0.0  264
 5.100  237.5  90  33  54   0.781   0.0   0.0  246
 5.100  240.0  90  33  57   0.781   0.0   0.0  245
 5.100  242.5  90  33  51   0.781   0.0   0.0  245
 5.100  255.0 -90  30  48   0.781   0.0   0.0  262
 5.100  257.5 -90  30  51  -0.781   0.0   0.0  263
 5.100  260.0 -90  30  48  -0.781   0.0   0.0  263
 5.125  237.5  90  33  51   0.781   0.0   0.0  245
 5.125  240.0  90  33  57   0.781   0.0   0.0  245
 5.125  242.5  90  33  51   0.781   0.0   0.0  245
 5.125  255.0 -90  30  48   0.781   0.0   0.0  262
 5.125  257.5 -90  30  51  -0.781   0.0   0.0  262
 5.150  237.5  90  30  54   0.781   0.0   0.0  245
 5.150  240.0  90  30  57   0.781   0.0   0.0  245
 5.150  242.5  90  30  51   0.781   0.0   0.0  245
 5.150  255.0 -90  30  51   0.781   0.0   0.0  261
 5.150  257.5 -90  30  51   0.781   0.0   0.0  261
 5.175  237.5  90  30  54   0.781   0.0   0.0  245
 5.175  240.0  90  30  60   0.781   0.0   0.0  245
 5.175  242.5  90  30  51  -0.781   0.0   0.0  245
 5.175  255.0 -90  30  54   0.781   0.0   0.0  261
 5.175  257.5 -90  30  51   0.781   0.0   0.0  261
 5.200  237.5  90  33  54   0.781   0.0   0.0  245
 5.200  240.0  90  33  57   0.781   0.0   0.0  245
 5.200  242.5  90  33  51   0.781   0.0   0.0  245
 5.200  252.5 -90  33  48  -0.781   0.0   0.0  260
 5.200  255.0 -90  33  54  -0.781   0.0   0.0  260
 5.200  257.5 -90  33  51   0.781   0.0   0.0  261
 5.225  237.5  90  33  54   0.781   0.0   0.0  245
 5.225  240.0  90  33  57   0.781   0.0   0.0  245
 5.225  242.5  90  33  51   0.781   0.0   0.0  245
 5.225  252.5 -90  33  48  -0.781   0.0   0.0  260
 5.225  255.0 -90  33  54   0.781   0.0   0.0  260
 5.225  257.5 -90  33  48   0.781   0.0   0.0  261
 5.250  237.5  90  30  54   0.781   0.0   0.0  245
 5.250  240.0  90  30  57   0.781   0.0   0.0  245
 5.250  242.5  90  30  51   0.781   0.0   0.0  245
 5.250  252.5 -90  30  51  -0.781   0.0   0.0  259
 5.250  255.0 -90  30  51  -0.781   0.0   0.0  259
 5.275  237.5  90  30  54   0.781   0.0   0.0  245
 5.275  240.0  90  30  57   0.781   0.0   0.0  245
 5.275  242.5  90  30  51   0.781   0.0   0.0  246
 5.275  252.5 -90  30  51  -0.781   0.0   0.0  259
 5.275  255.0 -90  30  51   0.781   0.0   0.0  259
 5.300  237.5  90  30  51  -0.781   0.0   0.0  245
 5.300  240.0  90  30  57  -0.781   0.0   0.0  245
 5.300  242.5  90  30  51   0.781   0.0   0.0  245
 5.300  252.5 -90  30  51   0.781   0.0   0.0  259
 5.300  255.0 -90  30  48   0.781   0.0   0.0  258
 5.325  237.5  90  33  51   0.781   0.0   0.0  245
 5.325  240.0  90  33  57  -0.781   0.0   0.0  245
 5.325  242.5  90  33  48  -0.781   0.0   0.0  245
 5.325  252.5 -90  30  48  -0.781   0.0   0.0  258
 5.325  255.0 -90  30  45   0.781   0.0   0.0  258
 5.350  237.5  90  30  48  -0.781   0.0   0.0  245
 5.350  240.0  90  30  54   0.781   0.0   0.0  245
 5.350  242.5  90  30  48   0.781   0.0   0.0  244
 5.350  252.5 -90  30  48  -0.781   0.0   0.0  258
 5.375  237.5  90  30  48   0.781   0.0   0.0  245
 5.375  240.0  90  30  54   0.781   0.0   0.0  245
 5.375  242.5  90  30  51   0.781   0.0   0.0  245
 5.375  250.0 -90  30  45   0.781   0.0   0.0  258
 5.375  252.5 -90  30  48   0.781   0.0   0.0  258
 5.400  237.5  90  33  48   0.781   0.0   0.0  245
 5.400  240.0  90  33  54   0.781   0.0   0.0  246
 5.400  242.5  90  33  51   0.781   0.0   0.0  246
 5.400  250.0 -90  30  48   0.781   0.0   0.0  257
 5.400  252.5 -90  30  51  -0.781   0.0   0.0  257
 5.425  240.0  90  33  54   0.781   0.0   0.0  246
 5.425  242.5  90  33  51   0.781   0.0   0.0  246
 5.425  250.0 -90  30  48   0.781   0.0   0.0  257
 5.425  252.5 -90  30  51   0.781   0.0   0.0  257
 5.450  237.5  90  30  45   0.781   0.0   0.0  245
 5.450  240.0  90  30  54   0.781   0.0   0.0  246
 5.450  242.5  90  30  51  -0.781   0.0   0.0  246
 5.450  250.0 -90  30  48   0.781   0.0   0.0  257
 5.450  252.5 -90  30  48  -0.781   0.0   0.0  257
 5.475  240.0  90  30  54   0.781   0.0   0.0  246
 5.475  242.5  90  30  51  -0.781   0.0   0.0  246
 5.475  250.0 -90  30  48  -0.781   0.0   0.0  257
 5.475  252.5 -90  30  45   0.781   0.0   0.0  256
 5.500  240.0  90  33  54  -0.781   0.0   0.0  246
 5.500  242.5  90  33  51   0.781   0.0   0.0  247
 5.500  250.0 -90  30  45   0.781   0.0   0.0  256
 5.525  240.0  90  30  51   0.781   0.0   0.0  247
 5.525  242.5  90  30  51   0.781   0.0   0.0  247
 5.525  250.0 -90  30  45  -0.781   0.0   0.0  256
 5.550  240.0  90  30  54   0.781   0.0   0.0  247
 5.550  242.5  90  30  57   0.781   0.0   0.0  247
 5.550  245.0  90  30  45  -0.781   0.0   0.0  247
 5.550  250.0 -90  30  51  -0.781   0.0   0.0  256
 5.550  252.5 -90  30  48  -0.781   0.0   0.0  256
 5.575  240.0  90  30  54   0.781   0.0   0.0  247
 5.575  242.5  90  30  57   0.781   0.0   0.0  247
 5.575  245.0  90  30  48   0.781   0.0   0.0  247
 5.575  247.5 -90  30  45  -0.781   0.0   0.0  256
 5.575  250.0 -90  30  51  -0.781   0.0   0.0  256
 5.575  252.5 -90  30  48  -0.781   0.0   0.0  256
 5.600  240.0  90  30  54   0.781   0.0   0.0  248
 5.600  242.5  90  30  57   0.781   0.0   0.0  247
 5.600  245.0  90  30  48   0.781   0.0   0.0  248
 5.600  247.5 -90  30  45   0.781   0.0   0.0  256
 5.600  250.0 -90  30  51   0.781   0.0   0.0  255
 5.600  252.5 -90  30  45  -0.781   0.0   0.0  255
 5.625  240.0  90  33  51   0.781   0.0   0.0  248
 5.625  242.5  90  33  57   0.781   0.0   0.0  248
 5.625  245.0  90  33  51  -0.781   0.0   0.0  248
 5.625  247.5 -90  30  48   0.781   0.0   0.0  255
 5.625  250.0 -90  30  51   0.781   0.0   0.0  255
 5.625  252.5 -90  30  45   0.781   0.0   0.0  255
 5.650  240.0  90  30  48   0.781   0.0   0.0  248
 5.650  242.5  90  30  54   0.781   0.0   0.0  248
 5.650  245.0  90  30  51   0.781   0.0   0.0  248
 5.650  247.5 -90  30  45   0.781   0.0   0.0  255
 5.650  250.0 -90  30  51   0.781   0.0   0.0  255
 5.675  240.0  90  30  45   0.781   0.0   0.0  249
 5.675  242.5  90  30  51   0.781   0.0   0.0  248
 5.675  245.0  90  30  48  -0.781   0.0   0.0  248
 5.675  250.0 -90  30  48   0.781   0.0   0.0  255
 5.700  242.5  90  30  51   0.781   0.0   0.0  249
 5.700  245.0  90  30  48   0.781   0.0   0.0  249
 5.700  247.5 -90  30  45   0.781   0.0   0.0  254
 5.700  250.0 -90  30  48   0.781   0.0   0.0  254
 5.725  242.5  90  30  51   0.781   0.0   0.0  249
 5.725  245.0  90  30  51  -0.781   0.0   0.0  249
 5.725  247.5 -90  30  45  -0.781   0.0   0.0  255
 5.725  250.0 -90  30  48   0.781   0.0   0.0  255
 5.750  242.5  90  30  51   0.781   0.0   0.0  249
 5.750  245.0  90  30  51   0.781   0.0   0.0  249
 5.750  250.0 -90  30  48   0.781   0.0   0.0  255
 5.775  242.5  90  30  51  -0.781   0.0   0.0  250
 5.775  245.0  90  30  54   0.781   0.0   0.0  250
 5.775  247.5  90  30  48   0.781   0.0   0.0  251
 5.775  250.0 -90  30  45   0.781   0.0   0.0  255
 5.800  242.5  90  30  48   0.781   0.0   0.0  251
 5.800  245.0  90  30  57   0.781   0.0   0.0  251
 5.800  247.5  90  30  51   0.781   0.0   0.0  251
 5.800  250.0 -90  30  48   0.781   0.0   0.0  255
 5.825  242.5  90  30  48   0.781   0.0   0.0  251
 5.825  245.0  90  30  57   0.781   0.0   0.0  251
 5.825  247.5  90  30  54   0.781   0.0   0.0  251
 5.825  250.0 -90  30  48   0.781   0.0   0.0  255
 5.825  252.5 -90  30  45  -0.781   0.0   0.0  255
 5.850  245.0  90  30  57   0.781   0.0   0.0  251
 5.850  247.5  90  30  54   0.781   0.0   0.0  251
 5.850  250.0 -90  30  51   0.781   0.0   0.0  255
 5.850  252.5 -90  30  45   0.781   0.0   0.0  256
 5.875  245.0  90  30  54  -0.781   0.0   0.0  252
 5.875  247.5  90  30  57  -0.781   0.0   0.0  252
 5.875  250.0  90  30  45   0.781   0.0   0.0  252
 5.875  247.5 -90  30  48   0.781   0.0   0.0  256
 5.875  250.0 -90  30  54   0.781   0.0   0.0  256
 5.875  252.5 -90  30  48   0.781   0.0   0.0  256
 5.900  245.0  90  30  51   0.781   0.0   0.0  253
 5.900  247.5  90  30  54   0.781   0.0   0.0  252
 5.900  250.0  90  30  45  -0.781   0.0   0.0  252
 5.900  247.5 -90  30  45   0.781   0.0   0.0  255
 5.900  250.0 -90  30  51   0.781   0.0   0.0  255
 5.900  252.5 -90  30  45   0.781   0.0   0.0  256
 5.925  245.0  90  30  51   0.781   0.0   0.0  253
 5.925  247.5  90  30  57   0.781   0.0   0.0  253
 5.925  250.0  90  30  51   0.781   0.0   0.0  253
 5.925  247.5 -90  30  48   0.781   0.0   0.0  255
 5.925  250.0 -90  30  54   0.781   0.0   0.0  255
 5.925  252.5 -90  30  48   0.781   0.0   0.0  256
 5.950  245.0  90  30  45   0.781   0.0   0.0  254
 5.950  247.5  90  30  57   0.781   0.0   0.0  253
 5.950  250.0  90  30  54  -0.781   0.0   0.0  254
 5.950  247.5 -90  30  45   0.781   0.0   0.0  255
 5.950  250.0 -90  30  51   0.781   0.0   0.0  255
 5.950  252.5 -90  30  48  -0.781   0.0   0.0  256
 5.975  247.5  90  30  57   0.781   0.0   0.0  254
 5.975  250.0  90  30  54  -0.781   0.0   0.0  254
 5.975  250.0 -90  30  51   0.781   0.0   0.0  256
 5.975  252.5 -90  30  48   0.781   0.0   0.0  256
 6.000  247.5  90  30  54   0.781   0.0   0.0  255
 6.000  250.0  90  30  57  -0.781   0.0   0.0  255
 6.000  252.5  90  30  48  -0.781   0.0   0.0  256
 6.000  250.0 -90  30  51   0.781   0.0   0.0  256
 6.000  252.5 -90  30  48  -0.781   0.0   0.0  256
 6.025  247.5  90  30  51   0.781   0.0   0.0  255
 6.025  250.0  90  30  57   0.781   0.0   0.0  255
 6.025  252.5  90  30  51  -0.781   0.0   0.0  256
 6.025  250.0 -90  30  54  -0.781   0.0   0.0  256
 6.025  252.5 -90  30  51  -0.781   0.0   0.0  256
 6.050  247.5  90  30  48   0.781   0.0   0.0  256
 6.050  250.0  90  30  57  -0.781   0.0   0.0  256
 6.050  252.5  90  30  54   0.781   0.0   0.0  256
 6.050  250.0 -90  30  54   0.781   0.0   0.0  256
 6.050  252.5 -90  30  51   0.781   0.0   0.0  257
 6.075  250.0  90  30  54  -0.781   0.0   0.0  256
 6.075  252.5  90  30  54  -0.781   0.0   0.0  256
 6.075  250.0 -90  30  51   0.781   0.0   0.0  257
 6.075  252.5 -90  30  51  -0.781   0.0   0.0  257
 6.100  250.0  90  30  51  -0.781   0.0   0.0  257
 6.100  252.5  90  30  54  -0.781   0.0   0.0  257
 6.100  255.0  90  30  45   0.781   0.0   0.0  257
 6.100  250.0 -90  30  51   0.781   0.0   0.0  257
 6.100  252.5 -90  30  51   0.781   0.0   0.0  257
 6.125  250.0  90  30  48  -0.781   0.0   0.0  258
 6.125  252.5  90  30  54  -0.781   0.0   0.0  258
 6.125  255.0  90  30  48  -0.781   0.0   0.0  258
 6.125  250.0 -90  30  45   0.781   0.0   0.0  257
 6.125  252.5 -90  30  48   0.781   0.0   0.0  257
 6.150  250.0  90  30  45   0.781   0.0   0.0  259
 6.150  252.5  90  30  54   0.781   0.0   0.0  259
 6.150  255.0  90  30  54   0.781   0.0   0.0  259
 6.150  250.0 -90  30  45   0.781   0.0   0.0  257
 6.150  252.5 -90  30  51   0.781   0.0   0.0  257
 6.175  252.5  90  30  51  -0.781   0.0   0.0  259
 6.175  255.0  90  30  54  -0.781   0.0   0.0  259
 6.175  252.5 -90  30  48   0.781   0.0   0.0  258
 6.200  252.5  90  30  51  -0.781   0.0   0.0  260
 6.200  255.0  90  30  54  -0.781   0.0   0.0  260
 6.200  257.5  90  30  48   0.781   0.0   0.0  260
 6.200  252.5 -90  30  48   0.781   0.0   0.0  258
 6.225  252.5  90  30  48  -0.781   0.0   0.0  261
 6.225  255.0  90  30  57  -0.781   0.0   0.0  261
 6.225  257.5  90  30  54  -0.781   0.0   0.0  261
 6.225  250.0 -90  30  45  -0.781   0.0   0.0  258
 6.225  252.5 -90  30  51   0.781   0.0   0.0  258
 6.225  255.0 -90  30  48   0.781 270.0  30.0  259
 6.250  255.0  90  30  51  -0.781   0.0   0.0  262
 6.250  257.5  90  30  54  -0.781   0.0   0.0  262
 6.250  252.5 -90  30  51  -0.781   0.0   0.0  259
 6.250  255.0 -90  30  48  -0.781   0.0   0.0  259
 6.275  255.0  90  30  48  -0.781   0.0   0.0  263
 6.275  257.5  90  30  54  -0.781   0.0   0.0  263
 6.275  260.0  90  30  48  -0.781   0.0   0.0  263
 6.275  252.5 -90  30  51   0.781   0.0   0.0  259
 6.275  255.0 -90  30  51   0.781   0.0   0.0  259
 6.300  255.0  90  30  48  -0.781   0.0   0.0  263
 6.300  257.5  90  30  57  -0.781   0.0   0.0  264
 6.300  260.0  90  30  54  -0.781   0.0   0.0  264
 6.300  252.5 -90  33  51  -0.781   0.0   0.0  259
 6.300  255.0 -90  33  51   0.781   0.0   0.0  260
 6.325  257.5  90  30  54  -0.781   0.0   0.0  265
 6.325  260.0  90  30  54  -0.781   0.0   0.0  265
 6.325  262.5  90  30  45  -0.781   0.0   0.0  266
 6.325  252.5 -90  30  48   0.781 270.0  30.0  260
 6.325  255.0 -90  30  51   0.781   0.0   0.0  260
 6.350  257.5  90  30  51  -0.781   0.0   0.0  265
 6.350  260.0  90  30  57  -0.781   0.0   0.0  265
 6.350  262.5  90  30  51  -0.781   0.0   0.0  265
 6.350  252.5 -90  30  45   0.781   0.0   0.0  260
 6.350  255.0 -90  30  51  -0.781   0.0   0.0  260
 6.350  257.5 -90  30  48  -0.781 270.0  30.0  261
 6.375  257.5  90  30  45  -0.781   0.0   0.0  265
 6.375  260.0  90  30  57  -0.781   0.0   0.0  267
 6.375  262.5  90  30  54  -0.781   0.0   0.0  267
 6.375  255.0 -90  30  51  -0.781   0.0   0.0  261
 6.375  257.5 -90  30  48   0.781   0.0   0.0  260
 6.400  260.0  90  30  54  -0.781   0.0   0.0  267
 6.400  262.5  90  30  57  -0.781   0.0   0.0  268
 6.400  265.0  90  30  48  -0.781   0.0   0.0  267
 6.400  255.0 -90  30  51   0.781   0.0   0.0  261
 6.400  257.5 -90  30  48   0.781   0.0   0.0  261
 6.425  260.0  90  30  48  -0.781   0.0   0.0  268
 6.425  262.5  90  30  57  -0.781   0.0   0.0  268
 6.425  265.0  90  30  54  -0.781   0.0   0.0  269
 6.425  255.0 -90  30  48  -0.781 270.0  30.0  262
 6.425  257.5 -90  30  51  -0.781 270.0  30.0  262
 6.450  262.5  90  33  57  -0.781   0.0   0.0  270
 6.450  265.0  90  33  60  -0.781   0.0   0.0  270
 6.450  267.5  90  33  51  -0.781   0.0   0.0  271
 6.450  255.0 -90  33  51   0.781   0.0   0.0  262
 6.450  257.5 -90  33  54  -0.781   0.0   0.0  262
 6.475  262.5  90  30  51  -0.781   0.0   0.0  271
 6.475  265.0  90  30  60  -0.781   0.0   0.0  271
 6.475  267.5  90  30  57  -0.781   0.0   0.0  271
 6.475  255.0 -90  30  48   0.781   0.0   0.0  263
 6.475  257.5 -90  30  54  -0.781   0.0   0.0  263
 6.475  260.0 -90  30  51  -0.781   0.0   0.0  263
 6.500  262.5  90  30  45   0.781   0.0   0.0  272
 6.500  265.0  90  30  57  -0.781   0.0   0.0  272
 6.500  267.5  90  30  60  -0.781   0.0   0.0  272
 6.500  270.0  90  30  48  -0.781   0.0   0.0  272
 6.500  257.5 -90  33  57   0.781   0.0   0.0  264
 6.500  260.0 -90  33  54   0.781 270.0  30.0  264
 6.525  265.0  90  30  51  -0.781   0.0   0.0  273
 6.525  267.5  90  30  60  -0.781   0.0   0.0  274
 6.525  270.0  90  30  54  -0.781   0.0   0.0  273
 6.525  257.5 -90  30  57   0.781   0.0   0.0  264
 6.525  260.0 -90  30  57  -0.781   0.0   0.0  265
 6.525  262.5 -90  30  45  -0.781   0.0   0.0  264
 6.550  267.5  90  33  57  -0.781   0.0   0.0  275
 6.550  270.0  90  33  57  -0.781   0.0   0.0  275
 6.550  272.5  90  33  48  -0.781   0.0   0.0  276
 6.550  257.5 -90  30  54   0.781   0.0   0.0  264
 6.550  260.0 -90  30  57   0.781   0.0   0.0  265
 6.550  262.5 -90  30  51   0.781 270.0  30.0  264
 6.575  267.5  90  30  48  -0.781   0.0   0.0  276
 6.575  270.0  90  30  57  -0.781   0.0   0.0  276
 6.575  272.5  90  30  54  -0.781   0.0   0.0  276
 6.575  257.5 -90  33  51  -0.781   0.0   0.0  265
 6.575  260.0 -90  33  57  -0.781   0.0   0.0  265
 6.575  262.5 -90  33  54  -0.781   0.0   0.0  265
 6.600  270.0  90  33  54  -0.781   0.0   0.0  277
 6.600  272.5  90  33  57  -0.781   0.0   0.0  278
 6.600  275.0  90  33  48  -0.781 270.0  30.0  278
 6.600  257.5 -90  33  48  -0.781   0.0   0.0  266
 6.600  260.0 -90  33  60  -0.781   0.0   0.0  266
 6.600  262.5 -90  33  57  -0.781   0.0   0.0  266
 6.625  270.0  90  30  45  -0.781   0.0   0.0  278
 6.625  272.5  90  30  54  -0.781 270.0  30.0  279
 6.625  275.0  90  30  54  -0.781 270.0  30.0  280
 6.625  260.0 -90  30  57  -0.781 270.0  30.0  268
 6.625  262.5 -90  30  57  -0.781 270.0  30.0  268
 6.625  265.0 -90  30  45  -0.781 270.0  30.0  267
 6.650  272.5  90  33  51  -0.781   0.0   0.0  281
 6.650  275.0  90  33  57  -0.781   0.0   0.0  281
 6.650  277.5  90  33  48  -0.781   0.0   0.0  281
 6.650  260.0 -90  30  54  -0.781   0.0   0.0  268
 6.650  262.5 -90  30  60  -0.781   0.0   0.0  268
 6.650  265.0 -90  30  54   0.781 270.0  30.0  268
 6.675  275.0  90  33  54  -0.781   0.0   0.0  282
 6.675  277.5  90  33  57  -0.781   0.0   0.0  282
 6.675  260.0 -90  33  51  -0.781 270.0  30.0  268
 6.675  262.5 -90  33  60  -0.781   0.0   0.0  268
 6.675  265.0 -90  33  57  -0.781   0.0   0.0  268
 6.700  275.0  90  33  48  -0.781   0.0   0.0  284
 6.700  277.5  90  33  54  -0.781   0.0   0.0  284
 6.700  280.0  90  33  51  -0.781   0.0   0.0  284
 6.700  262.5 -90  33  60  -0.781   0.0   0.0  269
 6.700  265.0 -90  33  60  -0.781   0.0   0.0  269
 6.700  267.5 -90  33  48   0.781 270.0  30.0  270
 6.725  277.5  90  30  48  -0.781   0.0   0.0  285
 6.725  280.0  90  30  54  -0.781   0.0   0.0  286
 6.725  282.5  90  30  48  -0.781   0.0   0.0  286
 6.725  262.5 -90  30  54  -0.781 270.0  30.0  270
 6.725  265.0 -90  30  60  -0.781 270.0  30.0  270
 6.725  267.5 -90  30  54   0.781   0.0   0.0  271
 6.750  280.0  90  30  51  -0.781   0.0   0.0  287
 6.750  282.5  90  30  54  -0.781   0.0   0.0  288
 6.750  285.0  90  30  45  -0.781   0.0   0.0  288
 6.750  262.5 -90  30  51  -0.781   0.0   0.0  270
 6.750  265.0 -90  30  60  -0.781   0.0   0.0  271
 6.750  267.5 -90  30  57  -0.781   0.0   0.0  271
 6.775  282.5  90  33  57  -0.781   0.0   0.0  289
 6.775  285.0  90  33  57  -0.781   0.0   0.0  289
 6.775  287.5  90  33  48  -0.781 270.0  30.0  289
 6.775  265.0 -90  33  57  -0.781   0.0   0.0  272
 6.775  267.5 -90  33  60  -0.781   0.0   0.0  273
 6.775  270.0 -90  33  48  -0.781   0.0   0.0  273
 6.800  282.5  90  33  48  -0.781   0.0   0.0  290
 6.800  285.0  90  33  60  -0.781   0.0   0.0  291
 6.800  287.5  90  33  57  -0.781   0.0   0.0  292
 6.800  265.0 -90  33  57  -0.781   0.0   0.0  273
 6.800  267.5 -90  33  63  -0.781   0.0   0.0  273
 6.800  270.0 -90  33  57  -0.781   0.0   0.0  273
 6.825  285.0  90  30  51  -0.781   0.0   0.0  293
 6.825  287.5  90  30  57  -0.781   0.0   0.0  294
 6.825  290.0  90  30  54  -0.781   0.0   0.0  294
 6.825  292.5  90  30  45  -0.781 270.0  30.0  296
 6.825  265.0 -90  30  48  -0.781   0.0   0.0  273
 6.825  267.5 -90  30  60  -0.781 270.0  30.0  274
 6.825  270.0 -90  30  57  -0.781 270.0  30.0  274
 6.825  272.5 -90  30  45   0.781 270.0  30.0  275
 6.850  287.5  90  30  51  -0.781   0.0   0.0  295
 6.850  290.0  90  30  60  -0.781   0.0   0.0  296
 6.850  292.5  90  30  54  -0.781   0.0   0.0  297
 6.850  267.5 -90  30  54  -0.781 270.0  30.0  275
 6.850  270.0 -90  30  60  -0.781 270.0  30.0  275
 6.850  272.5 -90  30  51  -0.781 270.0  30.0  275
 6.875  290.0  90  33  54  -0.781   0.0   0.0  298
 6.875  292.5  90  33  60  -0.781   0.0   0.0  299
 6.875  295.0  90  33  57  -0.781   0.0   0.0  299
 6.875  267.5 -90  33  51  -0.781   0.0   0.0  275
 6.875  270.0 -90  33  60  -0.781   0.0   0.0  276
 6.875  272.5 -90  33  57  -0.781   0.0   0.0  276
 6.900  292.5  90  33  51  -0.781   0.0   0.0  300
 6.900  295.0  90  33  60  -0.781   0.0   0.0  301
 6.900  297.5  90  33  57  -0.781   0.0   0.0  301
 6.900  270.0 -90  33  57  -0.781   0.0   0.0  277
 6.900  272.5 -90  33  60  -0.781   0.0   0.0  277
 6.900  275.0 -90  33  48  -0.781 270.0  30.0  277
 6.925  295.0  90  33  48  -0.781   0.0   0.0  303
 6.925  297.5  90  33  57  -0.781   0.0   0.0  304
 6.925  300.0  90  33  54  -0.781   0.0   0.0  305
 6.925  270.0 -90  33  51  -0.781 270.0  30.0  278
 6.925  272.5 -90  33  57  -0.781 270.0  30.0  279
 6.925  275.0 -90  33  54  -0.781 270.0  30.0  279
 6.950  297.5  90  30  45  -0.781   0.0   0.0  305
 6.950  300.0  90  30  54  -0.781   0.0   0.0  307
 6.950  302.5  90  30  54  -0.781   0.0   0.0  308
 6.950  270.0 -90  30  45  -0.781 270.0  30.0  277
 6.950  272.5 -90  30  57  -0.781 270.0  30.0  279
 6.950  275.0 -90  30  57  -0.781 270.0  30.0  279
 6.950  277.5 -90  30  45  -0.781 270.0  30.0  280
 6.975  302.5  90  33  51  -0.781   0.0   0.0  310
 6.975  305.0  90  33  54  -0.781   0.0   0.0  310
 6.975  307.5  90  33  48  -0.781   0.0   0.0  311
 6.975  272.5 -90  33  51  -0.781   0.0   0.0  281
 6.975  275.0 -90  33  57  -0.781 270.0  30.0  280
 6.975  277.5 -90  33  51  -0.781 270.0  30.0  280
 7.025  307.5  90  33  48  -0.781   0.0   0.0  316
 7.025  310.0  90  33  57  -0.781   0.0   0.0  317
 7.025  312.5  90  33  60  -0.781   0.0   0.0  318
 7.025  315.0  90  33  57  -0.781   0.0   0.0  319
 7.025  317.5  90  33  48  -0.781   0.0   0.0  321
 7.025  275.0 -90  33  54  -0.781   0.0   0.0  284
 7.025  277.5 -90  33  60  -0.781   0.0   0.0  283
 7.025  280.0 -90  33  54  -0.781   0.0   0.0  283
 7.050  312.5  90  33  54  -0.781   0.0   0.0  320
 7.050  315.0  90  33  60  -0.781   0.0   0.0  322
 7.050  317.5  90  33  60  -0.781   0.0   0.0  323
 7.050  320.0  90  33  54  -0.781   0.0   0.0  324
 7.050  277.5 -90  33  57  -0.781   0.0   0.0  284
 7.050  280.0 -90  33  57  -0.781   0.0   0.0  285
 7.050  282.5 -90  33  48  -0.781   0.0   0.0  285
 7.075  317.5  90  33  54  -0.781   0.0   0.0  325
 7.075  320.0  90  33  60  -0.781   0.0   0.0  326
 7.075  322.5  90  33  60  -0.781   0.0   0.0  328
 7.075  325.0  90  33  54  -0.781   0.0   0.0  329
 7.075  277.5 -90  33  51  -0.781   0.0   0.0  286
 7.075  280.0 -90  33  60  -0.781   0.0   0.0  286
 7.075  282.5 -90  33  57  -0.781   0.0   0.0  286
 7.100  322.5  90  33  54  -0.781   0.0   0.0  329
 7.100  325.0  90  33  60  -0.781   0.0   0.0  331
 7.100  327.5  90  33  60  -0.781   0.0   0.0  333
 7.100  330.0  90  33  54  -0.781   0.0   0.0  334
 7.100  280.0 -90  33  57  -0.781   0.0   0.0  287
 7.100  282.5 -90  33  60  -0.781   0.0   0.0  288
 7.100  285.0 -90  33  51  -0.781   0.0   0.0  288
 7.125  327.5  90  33  54  -0.781   0.0   0.0  335
 7.125  330.0  90  33  60  -0.781   0.0   0.0  336
 7.125  332.5  90  33  60  -0.781   0.0   0.0  338
 7.125  335.0  90  33  57  -0.781   0.0   0.0  341
 7.125  337.5  90  33  51  -0.781   0.0   0.0  342
 7.125  280.0 -90  33  51  -0.781   0.0   0.0  288
 7.125  282.5 -90  33  60  -0.781   0.0   0.0  289
 7.125  285.0 -90  33  60  -0.781   0.0   0.0  289
 7.125  287.5 -90  33  48  -0.781   0.0   0.0  290
 7.150  332.5  90  33  48  -0.781   0.0   0.0  341
 7.150  335.0  90  33  57  -0.781   0.0   0.0  342
 7.150  337.5  90  33  60  -0.781   0.0   0.0  344
 7.150  340.0  90  33  60  -0.781   0.0   0.0  346
 7.150  342.5  90  33  57  -0.781   0.0   0.0  348
 7.150  345.0  90  33  51  -0.781   0.0   0.0  349
 7.150  282.5 -90  33  54  -0.781   0.0   0.0  290
 7.150  285.0 -90  33  60  -0.781   0.0   0.0  290
 7.150  287.5 -90  33  57  -0.781   0.0   0.0  291
 7.175  340.0  90  33  48  -0.781   0.0   0.0  348
 7.175  342.5  90  33  54  -0.781   0.0   0.0  350
 7.175  345.0  90  33  57  -0.781   0.0   0.0  351
 7.175  347.5  90  33  57  -0.781   0.0   0.0  353
 7.175  350.0  90  33  51  -0.781   0.0   0.0  356
 7.175  427.5  90  33  48   0.781 210.0  30.0  433
 7.175  430.0  90  33  48   0.781 210.0  30.0  434
 7.175  285.0 -90  33  57  -0.781   0.0   0.0  292
 7.175  287.5 -90  33  60  -0.781   0.0   0.0  293
 7.175  290.0 -90  33  51  -0.781   0.0   0.0  294
 7.200  350.0  90  33  48  -0.781   0.0   0.0  358
 7.200  352.5  90  33  51  -0.781   0.0   0.0  358
 7.200  355.0  90  33  54  -0.781   0.0   0.0  361
 7.200  357.5  90  33  54  -0.781   0.0   0.0  364
 7.200  360.0  90  33  54  -0.781   0.0   0.0  366
 7.200  362.5  90  33  51  -0.781   0.0   0.0  368
 7.200  365.0  90  33  48  -0.781   0.0   0.0  370
 7.200  427.5  90  33  48   0.781 210.0  30.0  434
 7.200  430.0  90  33  48   0.781 210.0  30.0  434
 7.200  442.5  90  33  48  -0.781 210.0  30.0  448
 7.200  445.0  90  33  51   0.781 210.0  30.0  449
 7.200  452.5  90  33  48  -0.781 210.0  30.0  458
 7.200  287.5 -90  33  57  -0.781   0.0   0.0  294
 7.200  290.0 -90  33  57  -0.781   0.0   0.0  295
 7.200  292.5 -90  33  48  -0.781   0.0   0.0  296
 7.225  360.0  90  33  48  -0.781   0.0   0.0  367
 7.225  362.5  90  33  54  -0.781   0.0   0.0  370
 7.225  365.0  90  33  54  -0.781   0.0   0.0  371
 7.225  367.5  90  33  57  -0.781   0.0   0.0  373
 7.225  370.0  90  33  54  -0.781   0.0   0.0  375
 7.225  372.5  90  33  51  -0.781   0.0   0.0  378
 7.225  375.0  90  33  48  -0.781   0.0   0.0  381
 7.225  377.5  90  33  48  -0.781 330.0  30.0  386
 7.225  430.0  90  33  51   0.781 210.0  30.0  435
 7.225  287.5 -90  33  48  -0.781   0.0   0.0  295
 7.225  290.0 -90  33  57  -0.781   0.0   0.0  297
 7.225  292.5 -90  33  57  -0.781   0.0   0.0  297
 7.250  372.5  90  33  48  -0.781 270.0  30.0  379
 7.250  375.0  90  33  48  -0.781   0.0   0.0  381
 7.250  377.5  90  33  48  -0.781   0.0   0.0  383
 7.250  380.0  90  33  48  -0.781   0.0   0.0  386
 7.250  382.5  90  33  48  -0.781   0.0   0.0  388
 7.250  385.0  90  33  48  -0.781   0.0   0.0  390
 7.250  387.5  90  33  48  -0.781   0.0   0.0  393
 7.250  457.5  90  33  48  -0.781 210.0  30.0  464
 7.250  290.0 -90  33  51  -0.781   0.0   0.0  297
 7.250  292.5 -90  33  57  -0.781   0.0   0.0  299
 7.250  295.0 -90  33  54  -0.781   0.0   0.0  299
 7.275  377.5  90  33  48   0.781 210.0  30.0  384
 7.275  392.5  90  33  48  -0.781   0.0   0.0  400
 7.275  395.0  90  33  48  -0.781   0.0   0.0  402
 7.275  397.5  90  33  48  -0.781   0.0   0.0  403
 7.275  400.0  90  33  48  -0.781   0.0   0.0  406
 7.275  402.5  90  33  48  -0.781   0.0   0.0  409
 7.275  292.5 -90  33  51  -0.781   0.0   0.0  301
 7.275  295.0 -90  33  57  -0.781   0.0   0.0  302
 7.275  297.5 -90  33  54  -0.781   0.0   0.0  302
 7.300  380.0  90  33  48   0.781 210.0  30.0  384
 7.300  457.5  90  33  51   0.781 210.0  30.0  464
 7.300  460.0  90  33  48   0.781 210.0  30.0  464
 7.300  480.0  90  33  48  -0.781   0.0   0.0  486
 7.300  482.5  90  33  51  -0.781   0.0   0.0  489
 7.300  485.0  90  33  51  -0.781   0.0   0.0  490
 7.300  295.0 -90  33  48  -0.781   0.0   0.0  303
 7.300  297.5 -90  33  57  -0.781   0.0   0.0  304
 7.300  300.0 -90  33  54  -0.781   0.0   0.0  304
 7.325  435.0  90  33  48  -0.781   0.0   0.0  442
 7.325  437.5  90  33  48  -0.781   0.0   0.0  444
 7.325  440.0  90  33  48  -0.781   0.0   0.0  447
 7.325  442.5  90  33  48  -0.781   0.0   0.0  449
 7.325  445.0  90  33  48  -0.781   0.0   0.0  451
 7.325  447.5  90  33  48  -0.781   0.0   0.0  453
 7.325  450.0  90  33  48  -0.781 270.0  30.0  455
 7.325  457.5  90  33  54   0.781 210.0  30.0  464
 7.325  460.0  90  33  51   0.781 210.0  30.0  464
 7.325  485.0  90  33  48  -0.781   0.0   0.0  490
 7.325  487.5  90  33  48  -0.781   0.0   0.0  493
 7.325  297.5 -90  33  48  -0.781   0.0   0.0  307
 7.325  300.0 -90  33  57  -0.781   0.0   0.0  307
 7.325  302.5 -90  33  57  -0.781   0.0   0.0  308
 7.325  305.0 -90  33  48  -0.781   0.0   0.0  308
 7.350  380.0  90  33  48   0.781 210.0  30.0  385
 7.350  457.5  90  33  51  -0.781 330.0  30.0  468
 7.350  460.0  90  33  51  -0.781 330.0  30.0  470
 7.350  462.5  90  33  48  -0.781   0.0   0.0  468
 7.350  300.0 -90  33  48  -0.781   0.0   0.0  309
 7.350  302.5 -90  33  60  -0.781   0.0   0.0  309
 7.350  305.0 -90  33  60  -0.781   0.0   0.0  310
 7.350  307.5 -90  33  51  -0.781   0.0   0.0  311
 7.375  302.5 -90  33  48  -0.781   0.0   0.0  310
 7.375  305.0 -90  33  60  -0.781   0.0   0.0  312
 7.375  307.5 -90  33  63  -0.781   0.0   0.0  313
 7.375  310.0 -90  33  54  -0.781   0.0   0.0  313
 7.400  307.5 -90  33  57  -0.781   0.0   0.0  315
 7.400  310.0 -90  33  63  -0.781   0.0   0.0  316
 7.400  312.5 -90  33  57  -0.781   0.0   0.0  316
 7.425  310.0 -90  33  57  -0.781   0.0   0.0  317
 7.425  312.5 -90  33  63  -0.781   0.0   0.0  319
 7.425  315.0 -90  33  60  -0.781   0.0   0.0  320
 7.425  317.5 -90  33  54  -0.781   0.0   0.0  321
 7.450  312.5 -90  33  51  -0.781   0.0   0.0  320
 7.450  315.0 -90  33  60  -0.781   0.0   0.0  322
 7.450  317.5 -90  33  63  -0.781   0.0   0.0  323
 7.450  320.0 -90  33  60  -0.781   0.0   0.0  325
 7.450  322.5 -90  33  51  -0.781   0.0   0.0  326
 7.475  317.5 -90  33  54  -0.781   0.0   0.0  326
 7.475  320.0 -90  33  60  -0.781   0.0   0.0  327
 7.475  322.5 -90  33  63  -0.781   0.0   0.0  328
 7.475  325.0 -90  33  57  -0.781   0.0   0.0  330
 7.500  455.0  90  33  48   0.781  30.0  30.0  460
 7.500  322.5 -90  36  51  -0.781   0.0   0.0  331
 7.500  325.0 -90  36  60  -0.781   0.0   0.0  331
 7.500  327.5 -90  36  60  -0.781   0.0   0.0  333
 7.500  330.0 -90  36  57  -0.781   0.0   0.0  336
 7.500  332.5 -90  36  51  -0.781   0.0   0.0  337
 7.525  330.0 -90  33  54  -0.781   0.0   0.0  336
 7.525  332.5 -90  33  60  -0.781   0.0   0.0  339
 7.525  335.0 -90  33  60  -0.781   0.0   0.0  341
 7.525  337.5 -90  33  54  -0.781   0.0   0.0  342
 7.550  335.0 -90  33  48  -0.781   0.0   0.0  342
 7.550  337.5 -90  33  54  -0.781   0.0   0.0  344
 7.550  340.0 -90  33  57  -0.781   0.0   0.0  346
 7.550  342.5 -90  33  54  -0.781   0.0   0.0  348
 7.550  345.0 -90  33  54  -0.781   0.0   0.0  351
 7.550  347.5 -90  33  48  -0.781   0.0   0.0  352
 7.575  345.0 -90  33  54  -0.781   0.0   0.0  352
 7.575  347.5 -90  33  57  -0.781   0.0   0.0  354
 7.575  350.0 -90  33  60  -0.781   0.0   0.0  356
 7.575  352.5 -90  33  60  -0.781   0.0   0.0  359
 7.575  355.0 -90  33  57  -0.781   0.0   0.0  360
 7.575  357.5 -90  33  51  -0.781   0.0   0.0  362
 7.600  460.0  90  33  48   0.781 210.0  30.0  465
 7.600  352.5 -90  33  51  -0.781   0.0   0.0  360
 7.600  355.0 -90  33  57  -0.781   0.0   0.0  362
 7.600  357.5 -90  33  57  -0.781   0.0   0.0  364
 7.600  360.0 -90  33  57  -0.781   0.0   0.0  366
 7.600  362.5 -90  33  57  -0.781   0.0   0.0  368
 7.600  365.0 -90  33  54  -0.781   0.0   0.0  371
 7.600  367.5 -90  33  51  -0.781   0.0   0.0  373
 7.600  370.0 -90  33  48  -0.781   0.0   0.0  375
 7.600  460.0 -90  33  48   0.781 150.0  30.0  465
 7.600  462.5 -90  33  48   0.781 150.0  30.0  465
 7.625  365.0 -90  33  48  -0.781   0.0   0.0  372
 7.625  367.5 -90  33  54  -0.781   0.0   0.0  374
 7.625  370.0 -90  33  54  -0.781   0.0   0.0  376
 7.625  372.5 -90  33  54  -0.781   0.0   0.0  378
 7.625  375.0 -90  33  54  -0.781   0.0   0.0  380
 7.625  377.5 -90  33  54  -0.781   0.0   0.0  383
 7.625  380.0 -90  33  54  -0.781   0.0   0.0  386
 7.625  382.5 -90  33  51  -0.781   0.0   0.0  389
 7.625  385.0 -90  33  48  -0.781   0.0   0.0  391
 7.625  460.0 -90  33  48   0.781 150.0  30.0  465
 7.625  462.5 -90  33  48   0.781 330.0  30.0  469
 7.650  460.0  90  33  48   0.781 210.0  30.0  464
 7.650  655.0  90  33  48   0.781 270.0  30.0  660
 7.650  380.0 -90  33  48  -0.781   0.0   0.0  389
 7.650  382.5 -90  33  48  -0.781   0.0   0.0  389
 7.650  385.0 -90  33  51  -0.781   0.0   0.0  391
 7.650  387.5 -90  33  51  -0.781   0.0   0.0  394
 7.650  390.0 -90  33  51  -0.781   0.0   0.0  396
 7.650  392.5 -90  33  51  -0.781   0.0   0.0  398
 7.650  395.0 -90  33  51  -0.781   0.0   0.0  401
 7.650  397.5 -90  33  48  -0.781   0.0   0.0  404
 7.650  400.0 -90  33  48  -0.781   0.0   0.0  407
 7.650  402.5 -90  33  48  -0.781   0.0   0.0  409
 7.675  415.0 -90  33  48  -0.781   0.0   0.0  421
 7.675  430.0 -90  33  48  -0.781   0.0   0.0  435
 7.675  432.5 -90  33  48  -0.781   0.0   0.0  437
 7.675  435.0 -90  33  48  -0.781   0.0   0.0  440
 7.700  380.0  90  33  48   0.781 210.0  30.0  385
 7.700  460.0  90  33  48   0.781 210.0  30.0  465
 7.700  657.5  90  33  48   0.781  30.0  30.0  662
 7.700  462.5 -90  33  48   0.781 210.0  30.0  467
 7.725  462.5  90  33  48  -0.781  30.0  30.0  467
 7.725  462.5 -90  33  48   0.781 210.0  30.0  467
 7.725  505.0 -90  33  48  -0.781   0.0   0.0  511
 7.750  377.5  90  33  48   0.781 150.0  30.0  383
 7.750  380.0  90  33  48   0.781 150.0  30.0  384
 7.750  460.0  90  33  48   0.781 210.0  30.0  465
 7.750  462.5  90  33  48   0.781  30.0  30.0  468
 7.750  462.5 -90  33  48   0.781 150.0  30.0  467
 7.775  462.5 -90  33  48   0.781 330.0  30.0  470
 7.800  377.5  90  33  48   0.781 210.0  30.0  385
 7.800  380.0  90  33  51   0.781 210.0  30.0  385
 7.800  457.5  90  33  48   0.781 210.0  30.0  463
 7.800  462.5  90  33  48   0.781  30.0  30.0  467
 7.825  380.0  90  33  51   0.781 150.0  30.0  384
 7.825  457.5  90  33  48   0.781 210.0  30.0  462
 7.850  380.0  90  33  48   0.781 210.0  30.0  384
 7.850  457.5  90  33  48   0.781 210.0  30.0  463
 7.850  460.0  90  33  48   0.781 210.0  30.0  464
 7.850  662.5  90  33  48   0.781  30.0  30.0  668
 7.875  380.0  90  33  48   0.781 150.0  30.0  385
 7.875  457.5  90  33  48   0.781 210.0  30.0  463
 7.875  460.0  90  33  48   0.781 210.0  30.0  464
 7.900  457.5  90  33  48   0.781 210.0  30.0  463
 7.925  457.5  90  33  48   0.781 210.0  30.0  463
 7.950  667.5  90  33  48   0.781  30.0  30.0  672
 8.000  455.0  90  33  48   0.781 210.0  30.0  463
 8.000  457.5  90  33  51   0.781 210.0  30.0  463
 8.000  460.0  90  33  48   0.781  30.0  30.0  465
 8.025  455.0  90  33  48   0.781 210.0  30.0  462
 8.025  457.5  90  33  51   0.781 210.0  30.0  462
 8.025  460.0  90  33  48   0.781 150.0  30.0  467
 8.025  462.5  90  33  48   0.781  30.0  30.0  467
 8.050  455.0  90  33  51   0.781 210.0  30.0  462
 8.050  457.5  90  33  51   0.781 210.0  30.0  461
 8.050  460.0  90  33  51   0.781 150.0  30.0  466
 8.050  462.5  90  33  48   0.781  30.0  30.0  467
 8.050  672.5  90  33  48   0.781  30.0  30.0  678
 8.075  457.5  90  36  51   0.781 210.0  30.0  462
 8.075  460.0  90  36  51   0.781  30.0  30.0  466
 8.075  462.5  90  36  51   0.781  30.0  30.0  467
 8.100  455.0  90  33  48   0.781 210.0  30.0  462
 8.100  457.5  90  33  51   0.781 210.0  30.0  462
 8.100  460.0  90  33  51   0.781  30.0  30.0  466
 8.100  462.5  90  33  48   0.781   0.0   0.0  466
 8.100  460.0 -90  33  48   0.781 330.0  30.0  468
 8.125  380.0  90  33  48   0.781 150.0  30.0  386
 8.125  455.0  90  33  48   0.781 210.0  30.0  461
 8.125  457.5  90  33  48   0.781 330.0  30.0  456
 8.125  460.0  90  33  51   0.781 150.0  30.0  466
 8.125  462.5  90  33  51   0.781  30.0  30.0  466
 8.125  680.0  90  33  48   0.781  30.0  30.0  685
 8.125  460.0 -90  33  48   0.781 330.0  30.0  466
 8.150  380.0  90  33  48   0.781 150.0  30.0  385
 8.150  455.0  90  33  48   0.781 210.0  30.0  461
 8.150  457.5  90  33  48   0.781 150.0  30.0  464
 8.150  460.0  90  33  54   0.781  30.0  30.0  466
 8.150  462.5  90  33  51   0.781  30.0  30.0  466
 8.150  460.0 -90  36  51   0.781 330.0  30.0  468
 8.175  380.0  90  33  48   0.781 150.0  30.0  385
 8.175  457.5  90  33  48   0.781 210.0  30.0  463
 8.175  460.0  90  33  51   0.781  30.0  30.0  466
 8.175  462.5  90  33  48   0.781  30.0  30.0  466
 8.175  460.0 -90  33  48   0.781 330.0  30.0  468
 8.200  380.0  90  33  51   0.781 330.0  30.0  381
 8.200  382.5  90  33  48   0.781 330.0  30.0  380
 8.200  455.0  90  33  48   0.781 210.0  30.0  461
 8.200  457.5  90  33  51   0.781 210.0  30.0  462
 8.200  460.0  90  33  51   0.781  30.0  30.0  466
 8.225  380.0  90  33  48   0.781 150.0  30.0  385
 8.225  455.0  90  33  48   0.781 210.0  30.0  461
 8.225  460.0  90  33  48   0.781  30.0  30.0  466
 8.250  380.0  90  33  48   0.781 210.0  30.0  384
 8.275  380.0  90  33  51   0.781 330.0  30.0  380
 8.275  382.5  90  33  48   0.781 330.0  30.0  381
 8.300  380.0  90  33  48   0.781 330.0  30.0  380
 8.325  380.0  90  33  51   0.781 330.0  30.0  380
 8.350  380.0  90  33  51   0.781 150.0  30.0  386
 8.350  382.5  90  33  51   0.781 150.0  30.0  387
 8.350  457.5  90  33  48   0.781 150.0  30.0  463
 8.375  380.0  90  33  48   0.781 330.0  30.0  380
 8.375  382.5  90  33  48   0.781 150.0  30.0  388
 8.375  455.0  90  33  51   0.781 210.0  30.0  460
 8.375  457.5  90  33  48   0.781 210.0  30.0  462
 8.375  460.0  90  33  48   0.781  90.0  30.0  465
 8.400  455.0  90  33  48   0.781 210.0  30.0  459
 8.425  380.0  90  33  48   0.781 150.0  30.0  386
 8.425  382.5  90  33  48   0.781 150.0  30.0  386
 8.425  452.5  90  33  48   0.781 210.0  30.0  459
 8.425  455.0  90  33  51   0.781 210.0  30.0  459
 8.450  382.5  90  33  48   0.781 150.0  30.0  387
 8.450  452.5  90  33  48   0.781 210.0  30.0  459
 8.450  455.0  90  33  51   0.781 210.0  30.0  460
 8.475  455.0  90  33  48   0.781 330.0  30.0  456
 8.500  382.5  90  33  54   0.781 150.0  30.0  388
 8.500  385.0  90  33  51   0.781 330.0  30.0  383
 8.500  455.0  90  33  48   0.781 330.0  30.0  459
 8.500  457.5  90  33  48   0.781 150.0  30.0  462
 8.525  380.0  90  33  48   0.781 150.0  30.0  387
 8.525  382.5  90  33  54   0.781 150.0  30.0  388
 8.525  385.0  90  33  48   0.781 150.0  30.0  388
 8.525  455.0  90  33  48   0.781 210.0  30.0  459
 8.525  457.5  90  33  51   0.781  90.0  30.0  463
 8.525  460.0  90  33  48   0.781  90.0  30.0  463
 8.550  382.5  90  36  54   0.781 150.0  30.0  389
 8.550  455.0  90  36  51   0.781 210.0  30.0  460
 8.550  457.5  90  36  51   0.781  30.0  30.0  463
 8.575  382.5  90  36  51   0.781   0.0   0.0  388
 8.575  452.5  90  36  51   0.781 330.0  30.0  458
 8.575  455.0  90  36  51   0.781 330.0  30.0  453
 8.600  452.5  90  36  51   0.781 210.0  30.0  459
 8.600  455.0  90  36  54   0.781 210.0  30.0  459
 8.600  457.5  90  36  51   0.781  90.0  30.0  463
 8.625  452.5  90  36  51   0.781 210.0  30.0  459
 8.625  455.0  90  36  54   0.781 210.0  30.0  460
 8.650  452.5  90  36  51   0.781 210.0  30.0  458
 8.650  455.0  90  36  51   0.781 150.0  30.0  461
 8.675  452.5  90  33  48   0.781 330.0  30.0  457
 8.675  455.0  90  33  51   0.781 210.0  30.0  460
 8.675  457.5  90  33  48   0.781  90.0  30.0  462
 8.700  452.5  90  33  51   0.781 210.0  30.0  459
 8.700  455.0  90  33  51   0.781 330.0  30.0  452
 8.700  457.5  90  33  48   0.781 150.0  30.0  462
 8.725  382.5  90  33  48   0.781   0.0   0.0  388
 8.725  452.5  90  33  51   0.781 330.0  30.0  456
 8.725  455.0  90  33  54   0.781 210.0  30.0  459
 8.725  457.5  90  33  48   0.781  30.0  30.0  462
 8.750  390.0  90  33  48   0.781   0.0   0.0  397
 8.750  392.5  90  33  48   0.781   0.0   0.0  398
 8.750  452.5  90  33  54   0.781 330.0  30.0  455
 8.750  455.0  90  33  54   0.781 330.0  30.0  452
 8.750  457.5  90  33  48   0.781  30.0  30.0  462
 8.775  452.5  90  36  54   0.781 330.0  30.0  455
 8.775  455.0  90  36  54   0.781 210.0  30.0  459
 8.800  382.5  90  36  51   0.781   0.0   0.0  387
 8.800  452.5  90  36  51   0.781 330.0  30.0  454
 8.800  455.0  90  36  51   0.781 330.0  30.0  451
 8.850  452.5  90  39  54   0.781 210.0  30.0  458
 8.850  455.0  90  39  54   0.781 210.0  30.0  459
 8.875  382.5  90  33  48   0.781   0.0   0.0  388
 8.875  385.0  90  33  48   0.781   0.0   0.0  388
 8.875  387.5  90  33  48   0.781   0.0   0.0  394
 8.875  452.5  90  33  54   0.781 330.0  30.0  453
 8.875  455.0  90  33  54   0.781 150.0  30.0  460
 8.875  457.5  90  33  51   0.781 150.0  30.0  462
 8.900  382.5  90  33  48   0.781   0.0   0.0  389
 8.900  385.0  90  33  51   0.781   0.0   0.0  391
 8.900  452.5  90  33  54   0.781 210.0  30.0  458
 8.900  455.0  90  33  54   0.781 210.0  30.0  460
 8.900  457.5  90  33  51   0.781   0.0   0.0  461
 8.925  385.0  90  33  48   0.781   0.0   0.0  391
 8.925  387.5  90  33  48   0.781   0.0   0.0  391
 8.925  450.0  90  33  48   0.781 210.0  30.0  459
 8.925  452.5  90  33  57   0.781 330.0  30.0  453
 8.925  455.0  90  33  57   0.781 150.0  30.0  460
 8.925  457.5  90  33  51   0.781 150.0  30.0  461
 8.950  382.5  90  33  48   0.781   0.0   0.0  390
 8.950  385.0  90  33  51   0.781   0.0   0.0  390
 8.950  452.5  90  33  54   0.781 330.0  30.0  453
 8.950  455.0  90  33  54   0.781 210.0  30.0  459
 8.950  457.5  90  33  48   0.781  30.0  30.0  461
 8.975  382.5  90  33  48   0.781   0.0   0.0  388
 8.975  385.0  90  33  54   0.781   0.0   0.0  390
 8.975  387.5  90  33  48   0.781   0.0   0.0  392
 8.975  390.0  90  33  51   0.781   0.0   0.0  396
 8.975  392.5  90  33  51   0.781   0.0   0.0  397
 8.975  452.5  90  33  54   0.781 330.0  30.0  453
 8.975  455.0  90  33  51   0.781 150.0  30.0  459
 8.975  840.0 -90  33  48   0.781  90.0  30.0  846
 8.975  842.5 -90  33  48   0.781 210.0  30.0  847
 9.000  385.0  90  33  48   0.781   0.0   0.0  390
 9.000  390.0  90  33  48   0.781   0.0   0.0  395
 9.000  392.5  90  33  48   0.781   0.0   0.0  397
 9.000  452.5  90  33  54   0.781 210.0  30.0  458
 9.000  455.0  90  33  51   0.781  90.0  30.0  459
 9.025  380.0  90  33  48   0.781   0.0   0.0  387
 9.025  382.5  90  33  57   0.781   0.0   0.0  389
 9.025  385.0  90  33  57   0.781   0.0   0.0  390
 9.025  387.5  90  33  51   0.781   0.0   0.0  391
 9.025  450.0  90  33  48   0.781 210.0  30.0  459
 9.025  452.5  90  33  54   0.781 330.0  30.0  453
 9.025  455.0  90  33  54   0.781 150.0  30.0  460
 9.025  457.5  90  33  48   0.781  90.0  30.0  461
 9.050  385.0  90  33  57   0.781   0.0   0.0  391
 9.050  387.5  90  33  51   0.781   0.0   0.0  390
 9.050  452.5  90  33  54   0.781 210.0  30.0  459
 9.050  455.0  90  33  54   0.781 210.0  30.0  460
 9.050  457.5  90  33  48   0.781  90.0  30.0  461
 9.050  455.0 -90  33  48   0.781 330.0  30.0  454
 9.075  382.5  90  33  51   0.781   0.0   0.0  389
 9.075  385.0  90  33  51   0.781   0.0   0.0  390
 9.075  450.0  90  33  48   0.781 330.0  30.0  453
 9.075  452.5  90  33  57   0.781 330.0  30.0  454
 9.075  455.0  90  33  57   0.781 150.0  30.0  460
 9.075  457.5  90  33  51   0.781  30.0  30.0  461
 9.100  450.0  90  33  48   0.781 210.0  30.0  457
 9.100  452.5  90  33  57   0.781 210.0  30.0  458
 9.100  455.0  90  33  57   0.781 210.0  30.0  459
 9.100  457.5  90  33  48   0.781  90.0  30.0  460
 9.125  385.0  90  33  51   0.781   0.0   0.0  390
 9.125  450.0  90  33  51   0.781 210.0  30.0  457
 9.125  452.5  90  33  57   0.781 210.0  30.0  457
 9.125  455.0  90  33  54   0.781  90.0  30.0  459
 9.125  457.5  90  33  48   0.781  30.0  30.0  461
 9.150  382.5  90  33  48   0.781   0.0   0.0  388
 9.150  450.0  90  33  51   0.781 210.0  30.0  458
 9.150  452.5  90  33  57   0.781 330.0  30.0  450
 9.150  455.0  90  33  57   0.781 330.0  30.0  447
 9.150  457.5  90  33  48   0.781 150.0  30.0  459
 9.150  455.0 -90  33  48   0.781 330.0  30.0  453
 9.175  382.5  90  33  51   0.781   0.0   0.0  388
 9.175  385.0  90  33  48   0.781   0.0   0.0  389
 9.175  387.5  90  33  48   0.781   0.0   0.0  394
 9.175  390.0  90  33  51   0.781   0.0   0.0  395
 9.175  450.0  90  33  48   0.781 330.0  30.0  452
 9.175  452.5  90  33  57   0.781  90.0  30.0  458
 9.175  455.0  90  33  57   0.781  90.0  30.0  459
 9.175  457.5  90  33  48   0.781  90.0  30.0  460
 9.175  455.0 -90  33  48   0.781 330.0  30.0  452
 9.200  382.5  90  33  48   0.781   0.0   0.0  388
 9.200  385.0  90  33  51   0.781   0.0   0.0  389
 9.200  387.5  90  33  48   0.781   0.0   0.0  391
 9.200  390.0  90  33  48   0.781   0.0   0.0  396
 9.200  450.0  90  33  48   0.781 210.0  30.0  457
 9.200  452.5  90  33  57   0.781 330.0  30.0  451
 9.200  455.0  90  33  54   0.781 150.0  30.0  459
 9.225  390.0  90  33  48   0.781   0.0   0.0  395
 9.225  452.5  90  33  51   0.781  90.0  30.0  459
 9.225  455.0  90  33  48   0.781  90.0  30.0  460
 9.250  387.5  90  33  48   0.781   0.0   0.0  395
 9.250  390.0  90  33  48   0.781   0.0   0.0  395
 9.250  450.0  90  33  48   0.781  90.0  30.0  458
 9.250  452.5  90  33  54   0.781  90.0  30.0  458
 9.250  455.0  90  33  54   0.781  90.0  30.0  459
 9.250  455.0 -90  33  48   0.781 330.0  30.0  452
 9.275  387.5  90  33  48   0.781   0.0   0.0  395
 9.275  390.0  90  33  48   0.781   0.0   0.0  395
 9.275  450.0  90  33  48   0.781 330.0  30.0  452
 9.275  452.5  90  33  54   0.781 330.0  30.0  449
 9.275  455.0  90  33  54   0.781 150.0  30.0  459
 9.275  455.0 -90  33  48   0.781 330.0  30.0  453
 9.300  450.0  90  33  48   0.781 150.0  30.0  458
 9.300  452.5  90  33  54   0.781 150.0  30.0  458
 9.300  455.0  90  33  48   0.781 270.0  30.0  458
 9.300  452.5 -90  30  45   0.781 330.0  30.0  455
 9.300  455.0 -90  30  48   0.781 330.0  30.0  452
 9.325  450.0  90  33  48   0.781   0.0   0.0  459
 9.325  452.5  90  33  54   0.781   0.0   0.0  458
 9.325  455.0  90  33  57   0.781 270.0  30.0  460
 9.325  457.5  90  33  48   0.781  90.0  30.0  460
 9.325  455.0 -90  33  48   0.781 330.0  30.0  452
 9.325  852.5 -90  33  48   0.781  90.0  30.0  858
 9.350  450.0  90  33  48   0.781 210.0  30.0  458
 9.350  452.5  90  33  57   0.781 330.0  30.0  448
 9.350  455.0  90  33  57   0.781 150.0  30.0  459
 9.350  457.5  90  33  48   0.781  90.0  30.0  459
 9.350  455.0 -90  33  48   0.781 330.0  30.0  452
 9.375  450.0  90  33  48   0.781 150.0  30.0  458
 9.375  452.5  90  33  51   0.781 150.0  30.0  457
 9.375  455.0  90  33  48   0.781  90.0  30.0  459
 9.375  455.0 -90  30  48   0.781 330.0  30.0  452
 9.375  852.5 -90  30  45   0.781  90.0  30.0  857
 9.400  452.5  90  33  54   0.781 150.0  30.0  459
 9.400  455.0  90  33  54   0.781 150.0  30.0  459
 9.400  455.0 -90  33  48   0.781 330.0  30.0  452
 9.425  450.0  90  33  48   0.781 210.0  30.0  457
 9.425  452.5  90  33  57   0.781 330.0  30.0  448
 9.425  455.0  90  33  57   0.781 330.0  30.0  445
 9.425  457.5  90  33  48   0.781  90.0  30.0  459
 9.425  455.0 -90  33  48   0.781 330.0  30.0  451
 9.450  452.5  90  33  51   0.781 150.0  30.0  456
 9.450  455.0  90  33  48   0.781 150.0  30.0  457
 9.450  455.0 -90  33  48   0.781 330.0  30.0  452
 9.475  450.0  90  33  48   0.781 210.0  30.0  458
 9.475  452.5  90  33  51   0.781 270.0  30.0  458
 9.475  455.0  90  33  54   0.781 150.0  30.0  459
 9.500  382.5  90  30  45   0.781   0.0   0.0  389
 9.500  385.0  90  30  45   0.781   0.0   0.0  390
 9.500  387.5  90  30  45   0.781   0.0   0.0  394
 9.500  390.0  90  30  48   0.781   0.0   0.0  394
 9.500  450.0  90  30  48   0.781 210.0  30.0  457
 9.500  452.5  90  30  54   0.781 330.0  30.0  448
 9.500  455.0  90  30  54   0.781 330.0  30.0  446
 9.500  455.0 -90  30  45   0.781 330.0  30.0  451
 9.525  452.5  90  33  54   0.781   0.0   0.0  457
 9.525  455.0  90  33  51   0.781   0.0   0.0  458
 9.550  452.5  90  33  51   0.781 270.0  30.0  458
 9.550  455.0  90  33  51   0.781 270.0  30.0  458
 9.575  387.5  90  36  51   0.781   0.0   0.0  393
 9.575  452.5  90  36  51   0.781 150.0  30.0  459
 9.575  455.0  90  36  51   0.781 150.0  30.0  459
 9.675  455.0  90  42  57   0.781   0.0   0.0  459
 9.700  452.5  90  42  60   0.781   0.0   0.0  458
 9.700  455.0  90  42  57   0.781   0.0   0.0  458
 9.725  452.5  90  36  54   0.781 270.0  30.0  458
 9.725  455.0  90  36  54   0.781 150.0  30.0  459
 9.750  452.5  90  33  51   0.781 330.0  30.0  451
 9.750  455.0  90  33  51   0.781 150.0  30.0  458
 9.775  452.5  90  33  57   0.781   0.0   0.0  458
 9.775  455.0  90  33  54   0.781 330.0  30.0  445
 9.800  452.5  90  33  51   0.781   0.0   0.0  458
 9.800  455.0  90  33  51   0.781   0.0   0.0  459
 9.800  455.0 -90  30  45   0.781   0.0   0.0  459
 9.800  637.5 -90  30  45   0.781 150.0  30.0  643
 9.825  450.0  90  33  48   0.781   0.0   0.0  457
 9.825  452.5  90  33  60   0.781 270.0  30.0  459
 9.825  455.0  90  33  57   0.781 270.0  30.0  458
 9.825  452.5 -90  33  48   0.781   0.0   0.0  458
 9.825  455.0 -90  33  48   0.781   0.0   0.0  457
 9.850  452.5  90  33  54   0.781 270.0  30.0  457
 9.850  455.0  90  33  51   0.781 150.0  30.0  456
 9.850  452.5 -90  33  48   0.781   0.0   0.0  459
 9.850  455.0 -90  33  51   0.781   0.0   0.0  459
 9.875  452.5  90  33  54   0.781  90.0  30.0  458
 9.875  455.0  90  33  54   0.781 150.0  30.0  458
 9.875  452.5 -90  30  48   0.781   0.0   0.0  458
 9.875  455.0 -90  30  48   0.781   0.0   0.0  458
 9.875  637.5 -90  30  45   0.781 150.0  30.0  644
 9.875  640.0 -90  30  45   0.781 150.0  30.0  644
 9.900  452.5  90  33  54   0.781 330.0  30.0  449
 9.900  455.0  90  33  57   0.781 150.0  30.0  460
 9.900  452.5 -90  33  51   0.781   0.0   0.0  459
 9.900  455.0 -90  33  51   0.781   0.0   0.0  459
 9.925  452.5  90  36  54   0.781   0.0   0.0  458
 9.925  455.0  90  36  57   0.781 330.0  30.0  445
 9.925  452.5 -90  33  51   0.781   0.0   0.0  459
 9.925  455.0 -90  33  54   0.781   0.0   0.0  459
 9.950  452.5 -90  33  48   0.781   0.0   0.0  459
 9.950  455.0 -90  33  51   0.781   0.0   0.0  459
 9.975  452.5  90  33  48   0.781 150.0  30.0  459
 9.975  452.5 -90  33  48   0.781   0.0   0.0  460
 9.975  455.0 -90  33  51   0.781   0.0   0.0  460
 9.975  677.5 -90  33  48   0.781 150.0  30.0  682
10.000  452.5  90  33  51   0.781 330.0  30.0  455
10.000  455.0  90  33  51   0.781 150.0  30.0  458
10.000  452.5 -90  33  51   0.781   0.0   0.0  459
10.000  455.0 -90  33  54   0.781   0.0   0.0  459
10.000  677.5 -90  33  48   0.781   0.0   0.0  682
10.025  452.5  90  33  51   0.781 330.0  30.0  464
10.025  455.0  90  33  51   0.781 330.0  30.0  466
10.025  452.5 -90  33  51   0.781   0.0   0.0  459
10.025  455.0 -90  33  54   0.781   0.0   0.0  459
10.025  677.5 -90  33  48  -0.781 330.0  30.0  668
10.050  452.5  90  33  51   0.781 150.0  30.0  459
10.050  455.0  90  33  54   0.781 150.0  30.0  459
10.050  452.5 -90  33  54   0.781   0.0   0.0  459
10.050  455.0 -90  33  54   0.781   0.0   0.0  459
10.050  675.0 -90  33  48   0.781 330.0  30.0  669
10.050  677.5 -90  33  51  -0.781   0.0   0.0  682
10.075  452.5  90  30  51   0.781 330.0  30.0  451
10.075  455.0  90  30  54   0.781 330.0  30.0  448
10.075  457.5  90  30  45   0.781 330.0  30.0  446
10.075  452.5 -90  30  48   0.781   0.0   0.0  460
10.075  455.0 -90  30  51   0.781   0.0   0.0  459
10.075  675.0 -90  30  48   0.781 330.0  30.0  667
10.075  677.5 -90  30  48   0.781 150.0  30.0  681
10.100  455.0 -90  30  45   0.781 150.0  30.0  459
10.125  455.0  90  30  45   0.781 210.0  30.0  458
10.150  455.0  90  30  45   0.781 210.0  30.0  459
10.200  452.5  90  30  45   0.781 150.0  30.0  459
10.200  455.0  90  30  45   0.781 150.0  30.0  459
10.225  452.5  90  30  48   0.781 330.0  30.0  456
10.225  455.0  90  30  48   0.781 330.0  30.0  456
10.250  452.5  90  33  48   0.781 330.0  30.0  456
10.250  455.0  90  33  54   0.781 330.0  30.0  457
10.275  452.5  90  30  45   0.781 330.0  30.0  458
10.275  455.0  90  30  51   0.781 330.0  30.0  458
10.300  452.5  90  30  45   0.781 330.0  30.0  456
10.300  455.0  90  30  48   0.781 330.0  30.0  457
10.375  455.0  90  30  45   0.781 330.0  30.0  459
10.400  455.0  90  30  45   0.781 330.0  30.0  460
10.525 1255.0 -90  33  48   2.344 270.0  30.0 1252
10.525 1262.5 -90  33  48   2.344  90.0  30.0 1266
10.525 1265.0 -90  33  51   2.344 270.0  30.0 1269
10.525 1280.0 -90  33  51   2.344 270.0  30.0 1281
10.600  455.0  90  30  45   0.781 330.0  30.0  458
10.600  457.5  90  30  45   0.781 330.0  30.0  458
10.625  457.5  90  33  48   0.781 330.0  30.0  460
10.650  455.0  90  30  45   0.781 330.0  30.0  461
10.650  457.5  90  30  48   0.781 330.0  30.0  460
10.675  457.5  90  30  45   0.781 330.0  30.0  459
10.700  457.5  90  30  48   0.781 330.0  30.0  461
10.700  460.0  90  30  48   0.781 330.0  30.0  461
10.725  457.5  90  33  51   0.781 330.0  30.0  459
10.750  457.5  90  30  48   0.781 330.0  30.0  460
10.750  460.0  90  30  48   0.781 330.0  30.0  461
10.775  457.5  90  30  45   0.781 330.0  30.0  461
10.775  460.0  90  30  45   0.781 330.0  30.0  460
10.775  510.0  90  30  45   0.781 330.0  30.0  514
10.800  460.0  90  30  48   0.781 330.0  30.0  462
10.800  507.5  90  30  45   0.781  90.0  30.0  514
10.825  457.5  90  33  48   0.781 330.0  30.0  461
10.825  460.0  90  33  51   0.781 330.0  30.0  462
10.850  457.5  90  30  45   0.781 330.0  30.0  461
10.850  460.0  90  30  51   0.781 330.0  30.0  461
10.850  462.5  90  30  45   0.781 330.0  30.0  460
10.850  505.0  90  30  45   0.781  90.0  30.0  510
10.875  457.5  90  30  45   0.781 330.0  30.0  462
10.875  460.0  90  30  51   0.781 330.0  30.0  462
10.875  505.0  90  30  45   0.781 330.0  30.0  508
10.900  460.0  90  30  54   0.781 330.0  30.0  463
10.900  462.5  90  30  54   0.781 330.0  30.0  464
10.900  500.0  90  30  45   0.781 330.0  30.0  507
10.900  502.5  90  30  48   0.781 330.0  30.0  505
10.925  460.0  90  33  54   0.781 330.0  30.0  463
10.925  462.5  90  33  54   0.781 330.0  30.0  463
10.950  460.0  90  30  51   0.781 330.0  30.0  463
10.950  462.5  90  30  51   0.781 330.0  30.0  463
10.950  500.0  90  30  45   0.781 330.0  30.0  503
10.975  460.0  90  30  51   0.781 330.0  30.0  464
10.975  462.5  90  30  54   0.781 330.0  30.0  465
10.975  465.0  90  30  48   0.781 330.0  30.0  465
10.975  497.5  90  30  45   0.781 330.0  30.0  501
11.000  460.0  90  30  45   0.781 330.0  30.0  464
11.000  462.5  90  30  54   0.781 330.0  30.0  465
11.000  465.0  90  30  48   0.781 330.0  30.0  465
11.000  495.0  90  30  45   0.781 330.0  30.0  498
11.025  462.5  90  33  51   0.781 330.0  30.0  466
11.025  465.0  90  33  51   0.781 330.0  30.0  466
11.050  462.5  90  30  48   0.781 330.0  30.0  467
11.050  465.0  90  30  51   0.781 330.0  30.0  467
11.050  492.5  90  30  45   0.781 330.0  30.0  495
11.075  462.5  90  30  45   0.781 330.0  30.0  466
11.075  465.0  90  30  48   0.781 330.0  30.0  467
11.100  465.0  90  30  48   0.781 330.0  30.0  469
11.100  467.5  90  30  48   0.781 330.0  30.0  468
11.100  487.5  90  30  45   0.781 330.0  30.0  491
11.100  490.0  90  30  48   0.781 330.0  30.0  492
11.125  465.0  90  30  51   0.781 330.0  30.0  469
11.125  467.5  90  30  54   0.781 330.0  30.0  470
11.125  470.0  90  30  48   0.781 330.0  30.0  471
11.125  485.0  90  30  48   0.781 330.0  30.0  489
11.125  487.5  90  30  48   0.781 330.0  30.0  489
11.150  465.0  90  30  45   0.781 330.0  30.0  466
11.150  467.5  90  30  51   0.781 330.0  30.0  471
11.150  470.0  90  30  51   0.781 330.0  30.0  471
11.150  472.5  90  30  45   0.781 330.0  30.0  473
11.150  482.5  90  30  45   0.781 330.0  30.0  486
11.150  485.0  90  30  51   0.781 330.0  30.0  488
11.150  487.5  90  30  45   0.781 330.0  30.0  489
11.175  467.5  90  30  48   0.781 330.0  30.0  471
11.175  470.0  90  30  54   0.781 330.0  30.0  473
11.175  472.5  90  30  48   0.781 330.0  30.0  473
11.175  480.0  90  30  54   0.781 330.0  30.0  484
11.175  482.5  90  30  54   0.781 330.0  30.0  485
11.175  485.0  90  30  48   0.781 330.0  30.0  487
11.200  467.5  90  30  45   0.781 330.0  30.0  470
11.200  470.0  90  30  48   0.781 330.0  30.0  473
11.200  472.5  90  30  48   0.781 330.0  30.0  475
11.200  475.0  90  30  51   0.781 330.0  30.0  478
11.200  477.5  90  30  54   0.781 330.0  30.0  479
11.200  480.0  90  30  54   0.781 330.0  30.0  482
11.200  482.5  90  30  48   0.781 330.0  30.0  482
11.225  480.0  90  30  45   0.781 330.0  30.0  482
14.500  692.5 -90  30  45  -0.781 270.0  30.0  699
14.500  695.0 -90  30  45  -0.781 270.0  30.0  699
14.550  692.5 -90  30  45  -0.781 270.0  30.0  700
14.550  695.0 -90  30  45   0.781 270.0  30.0  699
